1576 0173 6
1846 9399 8790 1189 8946 1643
0789 8777 6
7469 9756 7656 7387 7129 3805
8362 8763 10
3745 1521 9574 0822 2428 0917 3211 6395 5313 2446
2347 7768 8
2161 4459 2175 0924 2478 3272 1720 9745
7145 5370 6
2949 4952 3596 9301 6236 6173
2459 0131 10
9573 7180 0801 7983 7807 6243 3081 4451 2897 1650
8067 7879 5
2303 8218 3157 0990 2121
0723 6580 4
0892 2651 7419 4257
0098 2257 5
7418 7884 7956 1069 5523
0306 1662 9
6726 0888 1217 6359 8593 2242 3249 1104 6796
1769 0387 8
1757 1358 0947 5368 2568 4798 6284 9782
0075 9878 7
3562 8873 4601 2310 9125 1540 1712
0548 8640 1
1425
1244 6835 7
9316 1018 5560 9319 1121 6543 3536
5778 0638 2
9396 3928
4760 8403 9
2877 9712 7174 5848 2433 2344 3247 6117 5760
5181 8763 10
7143 3383 6913 0049 0568 0159 8775 7238 4159 6033
7864 5410 1
0642
5044 8400 8
7555 5800 4795 4640 9095 8399 3248 0651
9953 8601 10
2286 8290 1772 4338 1073 5858 8056 3000 0798 7548
8079 6883 3
6815 8837 0999
9569 3073 7
1331 5022 2903 5811 5909 0540 6851
1704 8346 4
1981 3980 1289 9496
9638 0270 8
1894 8120 5050 2751 1410 0818 4651 7221
8682 1187 5
3399 3323 3428 3706 6359
2548 2395 6
0148 8329 0061 6808 8479 1957
6548 3838 1
4500
3314 6345 1
0320
6852 8814 9
4298 7562 9442 4661 5644 1510 5948 0234 8300
2691 0348 8
9587 5032 9581 9360 3422 1293 4824 1893
4677 0253 8
2602 0379 2733 1781 7027 6022 3372 0812
3378 6703 10
4796 4827 1179 7551 2086 0265 1947 2869 4709 5919
2833 1685 5
9922 5509 5210 2094 1589
8551 1569 9
4117 0021 4032 2523 6470 2719 3641 8589 3613
6297 5886 6
9791 1729 0951 7877 2314 1522
5299 7578 4
1335 6171 0800 2112
5780 9197 7
4247 3426 5303 1320 7991 1210 9906
6978 6293 1
1026
2999 8297 7
5003 6746 6378 8852 9062 6063 5271
1943 1268 6
1832 6493 4178 0467 3508 1396
1661 2274 5
2575 7512 1148 1448 1537
1308 4947 3
7885 6304 9909
9726 9723 4
8206 2322 0925 2803
2702 9158 2
8625 4957
3668 0363 6
9709 0052 3789 4803 9743 6786
7782 0588 7
6240 0100 2982 5925 3783 4930 2122
6796 1956 2
4353 7189
0113 6980 8
9929 1297 9133 6241 8458 0768 4585 6704
0740 2218 10
9079 4515 6107 2559 4330 0340 8023 6425 5159 6336
7307 7354 8
3382 0179 6656 8266 3448 8685 1169 0041
0425 4606 2
1245 1221
7509 5918 4
1858 7149 0009 1504
7574 7270 9
8714 7833 9749 7081 4632 2300 5690 1710 5780
1002 2419 3
6397 3662 0656
2763 7954 8
4839 4031 0092 5909 0249 9012 0785 1902
3748 7612 6
4064 3034 3414 0053 6558 9970
4603 6448 1
0750
0743 3189 1
6765
2793 7297 8
3393 3388 0329 9125 0579 2806 6423 0418
1797 0865 4
7489 9289 2313 9075
6058 9841 10
3139 9708 7302 5801 6680 6169 9053 5707 3041 0801
9671 8676 10
2852 0712 9786 2359 0946 8778 0764 3206 9573 4178
0830 8789 5
1107 1989 5068 2556 8882
3669 9099 6
8730 0681 2423 0953 8081 6818
6722 1140 3
7445 1823 2595
5644 1054 5
6035 0916 2281 7200 6821
8631 8914 4
2153 0442 3259 8140
2252 2261 4
6470 0303 4068 3524
4566 6747 5
8342 5792 7761 9007 3698
2136 5063 4
6944 3191 2560 9609
1541 0654 1
0075
1943 6698 10
4758 1474 7657 0772 9602 8234 6732 5158 0430 0114
6717 1541 7
7965 9218 3025 2508 6308 7523 4341
2720 6791 2
4769 7537
0391 6839 4
0952 2931 6622 8858
0959 6257 6
7899 8673 6080 7700 0948 6062
6667 4579 3
1300 2961 5073
4299 0411 8
1655 1447 8703 5053 0769 0223 2980 0488
0052 5797 6
6175 6882 2228 3245 0433 4779
0346 4762 10
0134 7427 9278 9207 6576 6887 0024 5720 7140 5031
3330 8694 6
1556 5516 6840 0552 2561 1514
3920 1149 7
0858 9395 5278 3157 3112 8330 3473
0055 6837 7
6667 6586 1221 9725 4926 0830 0648
3754 2772 3
4715 9894 1052
2309 3968 2
1797 4896
2619 2583 6
0293 9775 2663 5324 3140 8728
1316 0788 2
0314 5259
0107 6498 5
8950 2866 6094 1483 9697
0569 6919 4
0300 0477 2736 6849
6592 8785 1
0303
1573 7856 7
9595 1170 4097 2521 7254 8423 2909
2161 5361 9
2365 8546 5559 9115 4663 0848 6219 1300 9930
3226 6368 3
4199 1567 6168
9309 9364 2
4175 4721
4763 0410 2
5230 4392
2188 9752 3
5347 7549 8594
1159 5530 3
9939 8417 5603
4651 6064 5
3200 9296 3228 0437 2707
7226 0381 10
4325 6789 9441 0132 1074 2548 0958 7505 0871 0806
7351 0790 10
9576 7542 9039 1865 9003 4246 2099 9230 2295 8672
0 0 0
