38 482
-24
996
44
-551
559
-577
-597
-603
-121
607
-615
-135
-627
-156
-663
-664
184
205
-212
216
-242
740
749
-301
-314
-801
-335
-836
360
395
-890
890
-418
436
451
942
-950
961
16 656
694
-60
-100
-825
180
-848
-199
937
318
-979
-984
357
-414
-432
495
603
10 733
-738
-808
-961
-234
-990
267
-360
-389
490
-491
40 299
-1
303
603
604
906
908
-611
-918
-47
-349
71
71
969
73
-676
-677
982
985
-391
-690
-999
-103
428
134
739
148
-154
-753
-757
766
170
476
-493
-508
812
-532
837
572
576
-278
40 852
-24
36
41
-52
-912
-922
-950
-133
992
-999
-158
182
191
-227
360
374
-402
411
-466
496
-553
554
-556
-559
581
-629
-692
717
-721
743
748
758
763
774
-783
-786
-791
-793
-798
836
34 480
490
14
975
-975
15
983
510
990
525
58
-579
119
120
-612
-621
672
-682
-693
-698
-233
243
252
-744
-278
-758
-386
880
-902
424
-908
-435
-458
-476
-478
50 380
-776
-26
34
-419
804
804
813
53
-826
-67
461
469
-92
479
-102
868
112
-879
503
123
885
127
-129
-525
-924
176
182
-562
943
183
952
964
-210
598
231
-992
-626
-268
649
-649
287
698
332
720
732
742
747
-751
-374
-378
1 631
102
32 228
4
689
-22
-488
-722
724
-970
-59
987
-76
541
-998
89
-320
549
-323
-99
-809
812
-586
600
155
-613
-619
167
-403
-178
-641
-197
891
908
453
7 767
803
816
-838
92
-931
219
-428
47 568
-586
20
-590
-30
-616
635
79
650
97
102
-119
689
-121
124
139
724
170
-751
763
-775
-778
-799
231
251
-300
316
-892
-337
-339
342
912
-940
-393
416
-985
987
997
-437
-439
440
505
-528
531
562
564
566
-567
46 854
-14
868
871
-890
-896
922
-86
-958
961
992
-152
159
-168
-216
263
-272
284
287
298
321
-322
327
-329
-332
-353
357
-372
-384
385
-390
405
-426
487
514
521
530
531
533
-548
575
-592
-612
-662
726
-726
-766
46 171
517
-179
352
188
191
23
-708
29
-203
-888
722
563
-394
-737
-576
-406
926
-415
931
932
-78
762
-427
-941
-430
607
270
273
-964
-281
-626
802
639
-814
305
648
-649
-478
-821
-650
159
675
-334
849
508
-853
13 635
-657
695
-836
-230
-239
-881
-273
-966
-372
516
533
554
-626
50 739
-4
9
22
-762
25
-779
-54
-57
809
-813
-97
101
849
-851
870
-133
885
-148
-904
-170
177
-178
-925
940
-978
245
-987
-255
-998
-266
-297
306
-314
337
370
408
-413
-429
523
-537
-538
-594
-609
634
-641
-667
-686
-687
-705
711
26 281
585
-23
-314
888
896
-616
-622
72
78
370
934
935
949
108
-963
684
691
417
704
-162
743
489
-217
-236
-822
-835
28 153
-613
-922
312
-314
622
-320
324
26
-651
654
-656
-508
-366
-679
-379
75
391
246
864
-256
410
567
-416
-274
-286
142
759
-917
18 84
-168
-176
-262
187
-611
-865
702
-622
210
211
-380
-803
-976
-55
-816
61
323
333
48 909
910
-911
10
-11
-20
-28
952
45
-65
-67
-979
70
146
-174
189
-200
205
207
218
-230
255
-288
378
406
410
416
444
-453
-496
509
526
-528
534
-536
537
-555
593
628
-635
658
673
758
-794
-797
-797
844
-853
887
40 203
409
-816
-821
-618
-619
431
33
245
249
254
53
-464
-669
-466
278
-688
88
-292
906
-503
913
-515
-316
926
-725
333
-130
740
-538
135
746
-358
-972
166
-785
988
997
-596
200
607
34 337
-675
350
-351
-709
372
-720
-53
396
-64
-66
404
-440
467
809
-141
-816
-494
-172
176
-514
190
-533
535
218
-219
-232
578
-247
607
945
647
-647
-318
-656
37 918
-19
944
-956
965
-987
71
996
-106
-145
173
182
209
272
315
-361
367
404
431
464
495
500
-563
-565
581
598
-612
637
639
652
-655
664
-677
-766
847
852
-866
-911
17 355
-727
-47
434
-104
823
-114
824
826
-828
-120
-872
-883
532
289
290
316
678
16 914
8
50
-979
72
-72
-78
151
-167
217
222
269
-382
-680
-760
-790
858
12 859
53
-950
154
-202
241
327
-356
-397
-439
483
797
-798
3 795
-169
232
-375
5 694
-841
977
-362
421
-459
11 14
-392
-533
-958
-189
-891
-373
-389
95
-68
979
965
45 212
-642
222
227
228
229
-24
-237
-663
-669
-459
884
-461
-256
894
-259
693
57
-694
-911
-705
706
287
713
304
-943
98
524
962
-542
969
334
977
-765
131
769
-774
-354
573
152
576
370
-597
600
621
-632
1 633
-66
29 521
6
47
47
-51
598
-598
-100
630
-129
-661
154
679
693
715
202
-742
-748
-241
-299
847
-854
362
370
405
-418
-435
-974
473
-486
12 489
-10
14
-590
-127
-690
214
292
310
806
-833
-382
-413
44 806
-12
12
-830
-29
43
-69
101
911
-913
941
944
145
-168
171
188
191
192
201
212
-215
241
268
331
-344
-361
385
-426
-486
507
-519
-556
563
583
-620
-625
652
685
689
-697
721
735
748
-770
-798
30 928
933
938
-37
-38
-75
76
78
-101
123
-126
-131
166
186
-237
237
244
-271
280
-303
349
458
-572
619
-639
669
-707
778
-782
-836
873
47 566
0
-580
-23
-599
68
641
653
-656
680
681
-690
130
-135
140
718
162
-162
736
-192
-203
-790
225
811
819
-253
-824
269
837
-312
-354
-355
-923
-358
-926
-396
-404
-407
409
-414
431
432
-490
-496
-536
-538
553
559
48 454
2
-912
471
473
20
485
-33
501
-51
-961
59
516
-518
-132
589
135
-596
628
-628
639
-647
208
-679
-225
693
-700
722
738
752
299
757
304
765
318
777
337
-341
343
-359
363
371
373
374
832
-858
-415
-433
898
40 444
-451
22
470
-915
-37
-500
-61
951
66
531
537
-985
-543
551
111
127
573
-577
146
596
-608
621
-181
-629
636
-260
264
724
-727
293
742
755
-778
787
787
-810
814
818
-834
427
10 520
-37
-81
-614
215
-248
-327
872
424
990
474
13 731
-769
-49
-64
-820
-856
-133
-172
-912
-926
-342
496
593
-598
12 550
-64
101
-751
-265
-837
-880
331
899
961
-421
487
-520
29 59
945
119
650
834
777
-664
430
550
-201
-497
792
-793
-853
912
678
680
801
388
925
45
694
-813
164
519
401
993
-993
641
293
49 415
417
835
838
-10
-437
24
25
32
451
-468
-885
-476
-64
-68
-899
79
495
86
89
95
-513
-943
-116
-143
-984
578
-584
-592
-620
210
627
631
-221
-650
240
-250
-667
255
-689
696
292
310
319
-329
745
330
-336
-342
358
29 422
29
50
51
-898
-482
-62
-78
926
-951
114
-120
972
564
990
600
647
-235
-683
-704
718
-368
383
385
-394
819
820
406
834
419
8 763
53
102
-303
418
-440
502
659
735
22 110
-774
-341
-674
786
347
-238
355
25
-920
709
387
-949
192
-632
-632
-964
855
749
534
430
987
879
35 531
-8
-15
31
-44
-596
-604
-82
103
685
-711
-186
-718
-197
-219
-757
-229
774
789
-806
-815
-844
-853
-355
-359
912
-389
-925
927
442
979
987
463
-471
473
520
4 481
19
93
-259
786
23 155
7
-785
-634
-946
341
192
812
-348
-676
845
-71
85
-251
262
-885
-270
128
-136
-446
295
300
769
-618
35 261
2
788
-271
279
-285
-550
-54
326
-850
69
-859
-82
353
-92
-887
368
125
909
657
-659
921
-680
-703
-964
-706
-191
-204
-990
734
-478
-751
490
-499
-505
778
4 833
49
-295
381
703
5 627
180
818
948
-373
467
15 70
-771
-492
-425
-782
574
-97
521
-666
248
950
-395
-400
195
336
-686
17 734
750
25
-766
-795
-818
858
859
-160
949
-237
245
-247
363
415
-438
672
675
42 266
281
284
-285
-20
-821
24
824
43
-582
861
-332
-870
609
353
-353
-99
-366
398
-933
412
-678
681
-423
-173
176
725
194
196
-729
732
-467
-471
-745
-224
493
493
761
-506
778
249
783
786
29 431
24
887
31
474
492
494
498
-520
-145
161
-640
213
658
683
-259
-268
-270
708
710
712
742
318
-337
344
-790
-369
817
-851
-859
5 670
-821
823
266
497
-605
36 500
-525
540
-573
111
-117
-120
-626
138
649
-167
-681
-185
-205
-213
735
-266
-774
-304
-338
-860
361
373
-879
907
429
931
431
932
937
-939
-443
-949
-955
-475
977
999
35 445
-457
920
-924
43
-51
-943
512
-87
979
981
-91
-544
-545
102
-118
-130
135
143
159
168
-211
660
216
666
-695
252
-309
762
-765
339
-373
-839
851
419
-874
39 209
419
632
-638
-869
451
-242
-245
-882
-883
-887
-267
-908
287
-80
-92
-98
313
111
-530
-125
-128
338
759
-551
-560
978
-567
-149
986
569
570
570
363
155
-574
-366
997
-379
201
46 178
-714
538
-183
186
-186
-191
195
913
-914
744
923
-575
-932
406
584
-233
595
418
962
964
613
435
797
448
-277
462
997
107
-998
288
-826
117
-297
660
485
-308
-323
864
-332
-689
-161
169
526
-527
-707
886
5 733
-970
-271
-401
-405
699
29 407
-820
-11
-827
847
450
-50
-464
872
68
-887
482
500
914
-520
-114
-115
-528
-529
538
-145
-559
-563
-599
247
657
694
-694
-792
-402
19 931
-939
-954
-977
67
118
120
222
-227
275
280
-323
-401
583
-668
718
751
-760
-774
-874
43 989
-32
34
37
113
115
-118
-136
145
179
197
217
217
231
236
241
244
277
278
281
294
302
-333
-358
-365
-384
420
-425
452
-480
504
-544
549
-581
639
-724
772
780
-890
-915
-936
943
-955
-957
19 770
801
40
-52
63
838
-846
898
922
-186
-410
414
-456
-473
-528
-580
581
589
627
-735
6 849
-861
258
-260
346
404
-411
34 209
420
212
8
218
-637
25
-447
-885
49
-889
-265
697
701
-707
-507
302
725
520
111
-953
-751
759
551
-344
-557
-977
-352
-357
151
-161
-591
-174
805
398
21 290
-307
-315
896
322
333
337
-58
76
369
-950
668
-99
-973
-116
728
784
802
-530
-244
-553
558
2 38
-118
-696
25 936
32
1000
99
-100
114
123
-125
140
-218
-276
-367
376
-421
-438
448
-475
581
665
669
-776
-804
808
-837
-868
919
15 828
40
71
929
973
167
-196
-239
249
367
-373
381
-557
699
742
-782
30 919
-1
-936
69
112
143
-224
-302
-319
347
-389
-457
483
-485
487
504
518
-532
551
-575
674
680
681
702
702
765
771
781
-816
872
912
20 839
-852
-913
930
192
238
-302
-303
376
-389
-407
-416
439
611
-627
-692
-740
-740
810
-812
-820
10 348
-36
-52
-52
417
92
800
122
480
-269
-648
30 369
375
375
420
-59
67
-73
820
121
-876
-139
-888
-154
899
900
925
925
-937
-946
-594
-981
-613
-628
288
-311
-687
690
696
333
-721
358
17 765
-821
-108
-874
-135
160
-196
-236
415
491
-499
533
-555
567
604
-652
-654
731
41 953
-966
-979
66
-92
-114
-115
124
146
155
-176
186
-186
-222
226
238
-300
-302
-304
308
351
352
354
-364
365
384
388
401
449
-514
589
-709
-715
-799
-804
-805
835
846
-871
-885
906
-924
34 320
-986
46
55
67
72
716
-119
-760
-443
-455
-139
149
-149
471
473
-158
196
-521
-842
-208
881
-242
-884
265
-592
-919
-280
600
608
-932
-619
303
626
-629
32 394
788
396
-399
20
27
42
834
844
-76
864
84
91
893
-501
-115
905
-905
132
135
952
169
572
577
976
601
-240
-647
-682
-345
-353
782
389
25 995
-28
-49
185
197
197
-315
361
401
416
449
-470
-482
-507
-513
-520
-548
553
733
839
869
911
-937
945
-953
-961
14 681
91
-860
207
897
904
-935
955
-308
312
-331
-430
576
611
624
28 464
-961
84
91
-565
566
139
-627
631
171
642
214
238
718
757
-310
784
-800
360
-385
-854
393
-878
-417
-426
-896
897
454
-460
45 842
844
862
863
21
-867
33
-36
-882
-41
-55
72
80
923
-100
-948
-111
962
966
-967
988
-172
195
203
210
229
-267
299
-342
-368
375
-412
-421
447
-467
542
-580
589
-599
600
604
-610
-645
-680
-702
833
27 633
675
54
706
82
97
730
124
-128
-767
-789
175
176
-911
-925
-939
944
-961
-330
349
372
-418
464
501
540
-541
-559
580
15 114
228
117
-4
690
350
-936
-255
-941
827
-947
-43
976
-641
188
765
39 781
800
804
-809
-811
35
830
55
75
866
95
120
905
-130
-919
150
948
183
-198
236
269
272
296
301
327
-372
-378
429
-429
434
477
-485
-506
509
-532
-612
-631
656
-709
-743
17 115
-117
3
696
-8
-709
-369
-29
144
-613
615
-847
68
-988
418
768
656
903
45 716
-721
723
-44
-77
88
91
-91
814
-817
102
855
-142
156
-176
-910
920
933
219
226
951
956
-959
264
985
-291
-321
325
368
-371
401
416
416
457
-463
509
-523
524
571
585
-593
-609
-629
-650
-650
656
37 906
-916
925
949
951
71
-72
-99
102
-113
-115
116
-120
128
-151
164
169
-210
-282
-284
303
-381
455
-481
483
507
-551
693
698
724
735
-774
-789
-861
-867
-870
-896
901
1 381
832
48 964
2
-991
28
993
-33
-38
54
60
73
81
-103
-112
113
-155
-160
199
236
-252
254
-266
274
277
-335
-342
353
-395
-407
456
465
-472
507
525
-543
548
550
-575
622
-685
-718
729
-751
764
-846
858
-913
-933
-934
958
20 329
-679
684
691
62
-723
-432
-775
-522
855
-204
-216
548
-226
241
927
622
-297
-968
317
324
44 441
1
890
-450
901
-466
-468
470
-33
-489
-498
-512
-79
525
966
85
971
-110
-552
-583
-586
-588
596
-156
176
176
-619
-635
217
662
-232
-246
-696
257
262
716
-278
-304
-773
781
-343
-366
-398
398
845
44 290
-293
298
592
304
-887
888
890
-313
-897
619
-927
348
358
-373
-373
375
-93
-385
678
683
407
-698
999
-448
-454
-464
-468
-768
769
780
-785
-208
501
803
224
823
-823
-244
826
539
255
270
-851
-851
12 424
39
-510
-525
-558
-589
-602
236
-682
697
714
-416
-418
19 203
817
-208
-8
-233
-236
-240
878
72
702
94
300
913
722
529
-335
132
352
-367
573
18 39
-80
744
832
-873
990
-720
410
-644
-489
959
-143
-105
-67
68
616
71
72
268
47 712
-1
-3
-729
764
-61
-782
72
72
74
-805
805
-93
-809
101
109
-116
132
140
-866
883
-185
-187
193
-927
929
930
-943
263
-264
-985
-998
336
368
374
-391
-438
-465
-501
-506
-525
526
-561
581
-632
-652
-661
-696
26 279
289
-577
299
-23
-583
-28
-331
349
-650
381
941
671
-674
-957
-960
-987
-431
-993
195
-769
-502
233
514
-237
242
250
41 393
-401
13
811
-816
-819
431
431
831
469
80
494
-102
-506
-127
550
953
-170
200
-596
207
212
-213
612
-617
-630
655
-676
678
289
687
-699
705
-712
-718
333
338
-738
-351
366
379
-773
45 629
662
-52
56
60
-695
66
-705
-715
93
-96
751
-753
138
-769
769
814
-189
841
-849
225
233
-240
-242
-887
-898
287
-919
292
293
933
933
-942
314
944
-321
-332
973
391
-398
-418
423
-447
-537
591
605
43 673
-21
697
699
-701
39
-42
47
721
76
-77
-97
98
103
776
776
786
118
-832
883
884
-212
236
-244
931
-264
942
310
339
-347
-348
-380
-408
-409
-438
-443
-460
473
-479
-528
-549
-563
-641
-664
29 871
-881
13
13
-16
18
32
42
919
77
989
183
190
-196
249
253
262
-318
462
-550
606
-606
-631
-635
-649
663
674
699
-787
805
23 358
-745
-752
-61
792
799
-118
-835
477
495
863
-866
-871
-160
-196
922
569
-610
614
-982
650
652
-300
680
28 198
-990
-199
-619
629
-51
56
-854
-467
74
78
873
-874
482
489
-688
-892
-917
128
-729
-339
949
-754
952
564
-174
-574
-378
-776
10 485
-143
-637
158
220
-271
294
304
-804
811
437
9 468
-946
-567
-571
-616
228
275
815
-347
858
3 202
-822
-15
765
34 694
-710
-714
-23
-767
783
797
122
-123
-131
-826
839
206
240
-949
-261
-969
-317
323
336
-393
-397
-413
-427
-437
-516
-538
548
569
-589
618
635
637
651
684
4 999
102
484
-720
833
8 667
691
152
207
-884
970
406
-487
515
27 527
562
568
611
-91
-644
-139
678
-681
-695
195
733
842
318
319
-326
328
913
915
-922
400
-434
-435
-445
975
-985
461
-462
18 328
-988
12
682
373
48
-723
-404
-423
438
-438
-438
-448
-455
801
-516
-861
-873
318
42 870
-8
-38
910
-912
-50
-926
-929
942
80
83
90
90
98
971
-110
165
-182
192
-204
209
230
-246
256
-289
313
-388
389
-394
-415
-422
-435
-493
511
516
594
-614
646
746
-805
835
868
-869
27 886
1
23
982
-1000
-181
-186
186
210
-252
284
354
379
-467
-468
-499
-536
548
598
622
627
-635
657
659
-770
-822
-854
859
38 268
-274
-839
-844
48
317
-56
-865
64
-72
342
878
886
98
-902
915
379
918
-120
-397
138
944
-416
693
699
-975
-171
-712
721
-187
191
-997
227
769
777
782
-524
525
-801
4 722
-159
-202
-467
-551
27 570
588
31
37
-37
646
-691
-700
-701
730
745
-746
-790
-239
-810
-855
303
-311
-314
-320
-334
-923
-392
-976
-482
506
549
553
48 847
857
861
-26
893
913
-97
-127
976
986
988
-996
-168
-186
-193
-227
247
265
-267
278
293
-317
327
-330
362
387
-445
-464
-475
500
506
-522
525
-538
-557
-567
583
602
-604
633
-640
693
-744
-780
-783
-794
826
843
843
5 353
727
383
-744
-807
563
23 35
-71
-528
215
185
80
-501
-993
961
-401
227
-228
267
410
902
-763
274
414
975
-310
-310
67
-594
-734
10 928
-6
205
-217
-234
-260
407
-507
606
-725
-781
24 404
-415
-445
-448
-68
903
523
534
947
961
970
971
-976
-169
-192
-244
648
-267
-268
308
325
-753
-777
-803
-806
41 990
8
19
33
49
55
61
-67
-130
-178
193
202
-218
283
-336
354
-371
-383
384
-419
436
-464
507
546
-566
590
626
-635
648
656
-659
-679
694
-710
-763
810
-847
-860
-878
-911
-930
949
23 46
875
783
743
-193
-55
-56
378
378
-196
-752
526
-484
25
-396
-534
948
-493
-724
-863
37
822
-181
965
10 338
11
700
-795
512
895
236
-590
-605
-957
-296
11 635
743
139
880
-294
-322
978
-1000
378
402
-430
-533
15 236
-486
-983
-47
522
522
-348
826
127
-606
-198
-206
-686
-454
-698
-468
22 206
-825
-629
-11
-11
13
-646
-30
-243
-38
450
884
-684
-526
539
540
129
-138
-160
-586
-183
-395
-603
38 230
-6
-696
-940
-716
-257
30
490
32
-273
276
-969
-970
-511
-56
747
978
-59
-530
303
77
312
-322
-571
-342
-117
124
-817
-365
-602
145
856
857
193
885
-445
908
-682
459
4 722
-861
237
-305
466
29 818
11
843
69
-898
-91
91
-103
114
-975
-159
-980
-230
-264
265
-273
282
-296
301
-402
409
497
543
-588
636
-677
718
769
-778
-781
14 83
251
-667
-437
773
280
620
-207
45
463
-48
473
972
-480
243
47 65
976
-2
-782
-70
527
333
8
141
-727
597
406
862
-83
474
994
735
801
-736
152
-803
-413
-868
-220
-26
-806
352
28
-487
162
-816
427
37
-492
560
175
-630
309
-310
960
638
445
-510
-381
-967
707
-775
-321
19 900
-919
43
-950
90
183
-187
220
249
-430
-484
484
486
-488
494
-551
-600
-750
-797
851
35 173
-176
-354
-188
880
198
-377
-557
212
-45
-50
-397
-51
401
-576
923
-579
-64
-757
-412
-240
588
-416
100
626
-972
-465
-119
644
-301
-994
-483
844
334
854
-513
21 859
-34
896
40
-80
80
-90
-101
960
-277
-283
-283
459
498
-541
-548
-569
-597
705
-776
828
857
5 507
531
-91
-92
-608
464
12 211
-647
454
895
907
-711
-931
299
-985
774
-356
-824
209
47 47
987
329
-612
800
-801
-143
-379
708
802
333
-333
-192
475
194
-759
-103
-432
951
669
-858
-344
-815
254
536
491
775
-495
-261
873
-403
-264
828
265
-689
-219
363
-177
-979
-557
-934
935
-512
-373
91
751
-751
93
9 207
-621
834
634
-666
918
-525
-751
768
191
36 677
7
687
-18
743
-81
776
104
815
847
851
-856
-868
884
-891
-928
-943
956
968
-300
985
310
992
324
-352
-372
-399
-417
-486
-490
542
563
-584
608
-615
-621
-667
9 45
320
368
819
-66
-876
746
-884
884
-672
18 442
-940
956
966
142
-149
-652
-224
682
-264
327
-341
823
-384
-831
-398
-842
-406
437
31 667
668
-56
-743
766
-100
-768
-105
777
807
148
171
841
-846
217
-886
-902
-912
936
270
319
330
999
363
421
447
497
-529
535
-581
608
-628
46 191
5
197
-197
10
-776
590
-783
-21
594
-988
-607
40
-432
816
-628
-633
252
-449
-259
649
-78
81
83
88
665
867
301
302
879
-119
121
-121
-319
512
-896
-525
-915
534
-535
-548
168
-550
-175
558
177
-178
16 651
707
-750
-118
123
-872
255
954
363
375
415
-444
-470
483
496
-569
-624
14 17
-459
340
38
-857
-449
279
-417
418
-725
-334
-743
-591
796
730
16 169
339
-515
-522
701
892
224
-227
229
403
444
115
-479
144
491
156
842
19 50
351
202
605
305
-759
-659
714
118
770
721
-623
576
627
579
-730
-82
934
436
-240
18 535
552
77
640
106
655
162
172
230
-781
-823
834
-308
-865
335
-909
-987
-452
499
14 896
-34
-946
-958
244
-255
284
-347
464
493
-604
-670
-756
805
-895
17 680
764
-796
853
214
900
-963
-974
-298
984
-311
363
-396
418
495
545
-577
-582
16 825
21
68
983
991
-214
223
323
-334
-364
-440
502
640
-680
-734
738
746
1 637
-524
20 391
423
432
42
832
838
-58
476
-910
608
620
628
655
-278
283
283
285
300
305
-703
-762
24 462
-464
-12
-14
15
495
-99
586
-192
213
688
705
-707
250
713
-252
-729
-270
277
-292
-362
-367
893
440
-915
42 30
-750
840
-931
92
-633
-573
-303
303
-635
635
126
337
248
-818
969
279
-401
-312
-492
-703
163
825
496
496
-167
978
320
320
-560
-381
413
323
-323
264
-745
-445
-656
-177
117
-928
958
239
44 770
772
15
-789
-794
-47
-51
851
852
-852
853
-95
114
115
-117
-902
-939
180
212
-258
-272
-325
345
384
405
-407
-443
-447
480
-509
550
552
555
558
-561
576
583
622
-627
-648
679
703
-737
738
738
38 260
781
789
-534
-288
292
-820
-41
-574
-326
-326
68
-69
330
590
76
339
-883
371
-375
896
898
119
665
-670
-934
938
939
-160
-443
-443
446
968
450
-472
-475
-226
-509
-512
41 523
-8
36
40
582
68
594
599
669
-670
-163
177
718
-211
735
225
-752
755
243
-254
783
-273
797
802
-807
-811
-288
-304
831
345
-358
900
399
937
416
952
437
438
-966
-445
-983
472
28 95
956
-956
-579
867
680
398
-877
880
508
36
-801
-611
516
-425
331
-141
427
-1000
-908
-625
254
921
67
-449
-74
934
842
-754
22 990
-994
35
-197
-216
-264
273
-329
-515
528
-536
556
-596
603
-605
-640
-664
-749
803
847
847
862
-915
2 622
-55
224
47 24
-72
-264
-792
-673
577
553
-2
-122
-819
-557
173
-222
-414
-414
558
-943
799
-199
128
-200
-178
682
-827
443
155
11
158
-758
-782
-830
-975
-735
-615
-664
736
904
-497
-450
-739
-595
-92
-164
356
-717
-693
213
-959
50 542
6
-8
10
18
-568
64
-76
-80
81
-634
-639
-114
125
-126
-680
-151
-698
158
-164
708
-176
-747
229
-233
-784
798
267
-827
-293
-840
-850
-310
867
-332
-884
364
373
376
393
422
444
988
-999
-464
-473
477
-493
-498
-520
525
13 918
971
-111
-192
-217
-276
-325
411
-417
606
-618
651
-783
-914
23 533
-11
564
95
-103
-643
-117
-141
712
-187
-742
214
220
-221
231
-260
827
889
902
917
-394
931
-487
-499
18 798
-818
915
-932
938
-955
-981
188
999
210
-297
299
329
408
507
558
615
-666
737
12 37
-75
-266
-307
609
-425
-167
-503
-133
359
-620
365
369
34 120
486
-127
729
852
-975
497
-505
-881
-641
762
767
895
550
74
-558
560
-920
561
563
323
204
-87
-92
-815
-216
938
938
579
-100
106
-706
949
709
-589
36 632
-654
683
66
-67
97
103
128
-771
-142
-142
797
-824
-205
852
-853
230
-261
899
272
-931
931
-306
-974
-382
-390
394
-396
-416
-425
429
481
500
500
536
567
-620
49 427
-5
860
18
874
449
-876
-883
-894
57
493
-495
-508
516
518
-92
526
101
125
-552
553
983
-132
564
570
579
595
-169
-598
602
198
220
649
246
276
-280
285
-289
301
732
739
766
-340
768
-354
785
369
-804
-392
-407
28 884
892
912
926
942
-945
-75
-102
109
168
-235
-241
-251
-269
-280
-320
-379
428
434
524
-574
-582
584
624
-627
643
-650
-686
-777
22 353
-727
-376
394
760
-764
-65
-67
789
88
-125
-487
-875
-884
197
-209
228
-596
262
-304
-665
321
-345
22 934
-941
20
-968
90
-157
-164
232
-257
287
-322
351
-493
500
529
-597
-623
-665
-713
796
-808
-846
881
12 787
49
892
893
-175
-182
241
-266
-369
-704
733
748
754
19 236
716
-953
30
509
-993
-49
308
581
597
-374
613
-616
-626
643
-894
438
203
-223
939
44 607
-629
24
24
63
76
77
83
-86
109
125
-138
-143
-758
-161
777
192
-201
-810
-821
-823
-230
-838
-233
-248
-251
869
-875
-283
-299
308
-316
939
-333
-349
980
-396
412
473
477
485
519
-539
-539
547
23 551
7
13
567
-589
-48
-55
620
73
-103
-654
-655
129
-703
221
235
-830
-347
409
-410
-413
984
-509
547
22 816
-28
859
869
-909
-113
936
-950
964
-175
-993
187
-245
-255
285
300
318
372
421
-528
569
573
711
21 983
-10
33
-60
-72
-79
157
308
513
533
-562
-579
-674
-688
-717
-738
738
-767
831
961
963
977
30 363
365
8
405
51
422
429
93
-462
103
832
-478
-136
-531
-901
538
176
212
602
603
978
253
626
628
-269
641
-292
316
-707
-344
-354
24 653
660
677
33
687
71
90
-752
105
112
777
779
874
875
-876
896
-262
-268
931
954
-316
375
399
-413
-582
1 848
713
27 668
676
20
46
106
789
161
-845
-192
-862
-865
-211
-912
-256
267
289
345
-361
428
-455
-506
508
-516
-523
-552
578
590
607
38 713
-726
-727
-739
-30
-745
-748
-755
-761
80
95
-836
182
-914
-206
-212
232
-972
-263
977
1000
-359
374
-384
397
397
416
449
452
491
-497
506
518
-539
-558
587
-655
-689
709
36 177
-898
552
208
-747
-394
-926
-929
409
947
773
598
955
604
-429
433
81
258
621
-805
280
468
-647
-837
-661
-308
487
-667
848
851
-498
-856
-512
517
877
702
-527
29 515
6
16
56
-61
-576
-583
-594
-657
-679
-702
-206
-218
-737
-746
-761
-765
767
-254
260
270
821
-369
378
-907
424
-953
-974
-468
498
48 369
0
739
-379
-20
27
-405
783
-791
-806
816
-824
459
464
834
108
121
-868
876
512
-515
154
892
893
-535
167
921
-184
-925
-200
-585
955
-956
979
985
632
-287
312
-684
319
693
325
330
-707
343
-713
718
360
736
46 496
-12
-524
36
43
-61
-570
-132
-136
666
-190
-699
221
-718
243
-247
-259
-268
-268
-277
-783
788
-293
-293
294
-800
-313
-315
826
-844
-350
851
-861
377
388
889
396
-403
419
-430
-934
-943
943
-468
489
492
-989
26 694
-700
-28
59
755
-760
-770
-775
99
100
801
108
823
-856
901
-914
-233
234
301
315
348
-367
443
598
-608
613
671
22 95
285
5
107
-680
-683
-25
788
416
-893
-901
-47
809
-336
-815
-435
-250
918
-354
-734
166
262
-660
4 62
-67
-876
-692
-85
31 262
2
790
5
538
-541
282
808
28
-817
-313
322
590
853
592
-73
611
368
-110
372
-899
-638
907
-125
389
-655
931
-676
194
-745
-505
-250
22 620
640
-36
44
664
53
690
114
-116
747
144
-183
-211
-264
886
-280
-313
-365
398
-399
-586
-592
607
35 355
57
72
-787
78
797
-452
471
-496
154
524
-890
543
-189
904
558
918
-220
220
947
-947
961
252
-260
-973
-626
-628
-985
630
-997
305
-306
-334
-338
-703
350
41 515
-1
7
-24
-541
-549
-37
-42
-564
71
87
608
621
-107
629
124
-649
-166
-174
-716
230
-749
-248
-250
257
-275
799
807
823
314
835
347
-368
-369
-902
-444
960
-463
477
-479
-498
502
4 985
117
-206
-274
886
26 925
928
928
-89
105
232
250
251
284
-320
330
-394
468
-476
-516
535
613
-665
698
-701
-710
745
750
-788
-820
-840
876
27 741
-3
781
-793
801
61
-833
-834
-854
857
140
-917
931
216
962
-964
-274
-289
-361
388
391
-416
428
-498
-555
-610
-634
731
22 81
-487
-258
827
263
25
758
-845
846
-363
-202
530
533
371
-211
299
463
630
793
67
148
-723
971
10 293
-7
-22
611
910
664
689
-728
-251
-840
570
27 850
-10
-57
-908
74
-93
-986
-991
-171
-198
321
-413
505
528
-538
-544
556
-602
-626
-631
660
667
683
-706
-712
737
818
822
7 154
-961
-45
-52
255
410
898
-607
25 634
645
19
-666
-35
39
-680
-687
-697
-719
-734
133
-769
-790
-799
821
259
916
927
-370
-416
421
464
537
-548
-582
37 463
5
-42
-46
62
66
-532
74
-82
564
-108
117
586
135
602
617
619
-157
-622
185
-200
-665
220
684
-240
-266
-267
289
298
-781
818
-376
-852
-399
-401
429
912
-458
21 396
-23
-839
-449
450
851
-864
-864
-76
-83
-109
-951
-555
-963
-977
594
-253
-660
279
-282
-683
754
17 374
778
782
48
-58
75
884
-887
-905
534
189
-199
642
-663
703
-339
-345
-369
43 691
-700
13
704
-721
738
55
746
-757
-66
-71
75
-771
94
98
-98
-105
-809
-837
-852
-166
858
-863
-181
876
-199
-211
213
218
919
-234
-934
950
-275
985
-381
-397
462
498
499
534
-539
-592
-607
7 796
837
884
-924
-254
383
-531
-547
48 351
-2
-13
16
372
-375
729
-30
390
-743
-743
747
-426
-784
85
-447
-448
451
-100
-455
106
111
-469
133
133
-484
-837
846
164
-169
-170
538
-190
-892
-552
-563
932
-232
949
950
956
-973
988
640
-298
301
314
329
345
46 163
331
332
-825
-11
831
-179
-839
33
-853
-39
528
695
209
54
223
-556
232
-240
-569
733
906
-747
584
425
-427
918
431
922
599
120
-285
122
784
624
-789
-138
957
-469
306
-637
-804
644
971
157
813
-814
14 917
928
-937
-938
27
-207
266
-506
706
-716
717
796
826
-855
-908
32 992
-60
-84
121
183
189
-212
-228
-256
357
403
-408
420
423
427
-439
-512
534
570
572
581
-586
634
655
-663
-681
-714
-836
918
921
943
957
973
30 639
-46
-58
713
715
719
-83
-89
733
760
146
-169
-809
-817
193
898
-923
295
934
940
958
321
966
353
-380
-392
440
467
-472
485
-543
20 739
-2
744
22
-838
180
-215
-253
275
-300
434
-449
465
533
568
664
677
699
725
-730
-731
28 571
-11
-62
637
109
117
-184
-773
-211
-802
-803
280
-287
-318
897
-913
352
-935
936
366
-385
-400
-996
-440
-460
515
-517
523
-524
8 906
947
-1000
133
308
-494
497
680
786
7 342
-742
-403
-407
-505
-506
176
-940
10 477
-532
-56
-56
116
-171
-178
-207
393
870
-892
43 444
450
-453
-454
-25
-477
-37
936
940
-498
944
-513
71
82
987
-555
-564
578
-579
595
-629
204
-672
-705
-711
-713
293
297
747
755
-768
-770
-345
791
358
-368
377
-389
-394
859
-867
-885
441
443
34 750
-773
-811
-833
-837
-849
853
-891
-899
956
224
976
-233
233
987
-276
-277
-279
-296
302
383
397
422
-429
533
-584
-603
-606
634
-649
661
664
-670
-712
741
12 242
-2
-10
-530
566
-89
360
857
146
406
-425
191
205
20 460
-467
-472
-35
-515
64
-986
-105
593
595
623
-639
-202
204
734
283
340
-804
363
-853
907
32 629
-33
681
93
103
735
-756
-762
-142
779
-184
-193
235
864
-239
876
250
254
-281
-287
945
954
-395
-413
-425
428
441
-483
526
-539
544
576
619
11 443
-945
-963
-141
-654
-700
-345
-383
830
406
416
419
37 329
991
12
-670
60
725
-67
-762
435
108
-441
783
125
156
-818
818
830
522
199
201
861
205
-879
-552
228
566
897
-569
898
245
578
-593
618
-293
-306
309
319
981
23 506
512
-567
-77
78
89
-93
606
125
642
-684
-195
706
709
800
-298
329
363
384
904
955
-467
978
-477
25 954
-989
-68
-74
77
-144
-148
-171
304
-346
376
-378
393
464
502
568
-630
-631
-713
-722
763
-776
809
882
-882
-953
2 578
-202
-534
3 138
166
873
85
6 253
-325
-351
-613
616
-127
-494
22 229
-15
708
-481
-971
72
-990
-763
542
109
799
577
-348
-815
-597
834
156
621
859
173
649
-440
212
45 895
2
-17
-934
-944
-953
972
84
998
-117
-172
178
180
189
-209
-293
323
-330
-340
-356
388
392
-396
397
-444
449
463
464
525
-541
-541
-650
679
706
-716
732
-747
-761
763
788
-805
850
856
865
-866
-886
50 591
-605
-14
611
619
-44
681
-683
104
-110
-113
710
136
755
182
-198
-802
-213
-805
218
225
239
-831
-831
-274
-871
882
895
906
-920
933
344
-951
961
-372
968
971
390
412
-415
-415
-417
-431
-463
-467
478
-490
-496
519
-554
-557
6 764
75
858
-875
948
-364
444
24 939
11
12
-14
58
120
-132
-132
-132
-145
168
-183
-305
-439
442
-450
-455
-495
-527
-545
548
-579
-670
774
-934
25 812
2
-25
34
41
-893
910
-945
142
992
-995
-222
234
-288
-324
331
346
-350
-409
-471
-524
567
644
-702
-761
-783
19 821
-900
-83
920
-931
941
126
141
-172
336
-339
369
386
392
-393
-542
-575
660
715
803
30 905
38
-50
-66
-227
-296
-349
-379
379
380
388
400
442
458
-460
-497
526
-569
584
595
615
633
705
722
733
-745
791
-810
-818
-838
-878
25 793
807
20
815
-31
-834
68
865
-96
-906
-908
-915
-129
925
155
955
-212
-233
257
312
384
444
-574
621
-708
-726
44 177
355
538
-9
-909
734
29
-394
-42
-220
44
-47
-225
409
766
415
416
-779
606
-83
971
-274
-628
98
630
-455
462
-822
-835
131
666
136
494
-495
-145
-323
859
-334
-521
876
877
877
350
-174
-706
50 867
-887
-894
906
-907
53
70
-71
961
-964
109
-115
120
990
132
135
160
160
-210
-213
-222
-321
325
332
-357
-367
-369
-380
406
438
-459
-605
626
639
646
-660
668
-707
-709
716
718
733
742
-748
-762
793
798
811
841
-854
-865
46 820
-829
17
-23
-33
-47
-869
-872
58
58
67
-894
-925
927
116
943
-124
-945
141
-967
-974
976
267
272
292
300
307
-317
-319
-332
-338
356
-395
395
401
434
-454
457
-501
-617
627
674
-679
689
-757
-769
775
7 208
433
856
448
-51
-114
-575
797
36 876
-885
-9
24
-25
906
-43
49
-70
-72
971
-97
-110
-121
165
195
-212
-238
239
-246
-305
-313
322
-331
490
-498
564
-575
576
597
615
-623
-703
-756
-775
782
-792
46 83
747
-332
915
666
-833
-171
-919
89
-92
-593
-760
926
-764
-101
189
-523
441
691
-112
-114
-944
-615
-782
204
-625
-959
-960
-216
714
218
-800
-718
307
-724
810
-397
-979
647
-483
899
736
-239
-156
-572
656
742
27 488
12
-502
507
-46
-546
-59
-101
-625
155
644
166
711
-719
-275
-764
781
321
-356
-357
373
-883
395
-901
-446
944
-971
485
33 74
-1
-76
-224
298
-748
822
86
-975
753
457
462
-20
-538
-983
95
98
692
473
30
771
-403
-777
481
345
-864
942
-722
-729
-514
811
961
-739
-591
8 5
155
-370
926
-488
-528
-189
-24
-344
21 440
890
-456
49
527
-549
-116
-121
-583
-619
-188
630
196
268
718
283
301
-303
770
785
-389
-842
24 43
129
258
732
-346
606
266
11
656
443
-877
-662
-152
-668
-888
-30
30
-461
-75
-939
897
683
339
513
-255
17 629
-35
686
-690
101
798
813
203
865
310
956
338
344
391
417
-476
-581
582
49 339
682
345
345
-14
706
714
-377
-720
-726
395
-396
-737
-65
65
-417
-85
-432
95
-445
794
467
-135
-831
-158
-501
-843
182
-547
554
-897
-226
-239
583
-587
926
591
-937
-940
-603
948
-950
-291
-645
-645
306
314
654
994
662
47 770
-10
781
-19
-36
-46
48
846
-86
-96
-881
113
900
-133
-141
915
925
-944
176
971
-234
-283
288
294
-316
323
-327
339
-342
348
-365
-393
-407
-415
430
439
443
444
-470
582
-603
610
613
623
685
-690
-709
-752
49 569
4
-17
-595
615
625
58
-75
81
-654
-662
-97
110
-118
691
-693
-700
-139
709
143
150
732
-171
194
771
205
207
-785
219
-789
801
812
-247
838
-865
905
342
349
-920
920
-933
391
-393
962
-989
-424
-433
-433
-479
-534
12 646
21
-690
704
158
-169
244
-260
927
-323
-997
-463
-560
3 373
568
-205
-324
21 906
-933
30
-937
-143
165
-170
-199
-211
-450
-468
-481
-588
-602
629
636
702
-765
796
-815
-889
-898
28 14
140
365
-29
-548
927
-536
-733
411
692
706
-776
-958
889
581
-190
-204
-400
-80
248
-668
515
53
-96
334
573
307
279
-139
26 934
-953
-43
992
74
-215
231
-254
312
-331
-340
382
398
-398
412
-441
-454
456
479
530
-549
-592
-600
-721
862
-897
-906
23 668
-685
-57
-107
-788
-823
-823
-842
-189
-236
-953
-290
301
309
979
-328
-371
389
-439
-440
-449
-544
-616
633
19 973
-16
-30
137
-212
314
527
569
-616
682
756
800
828
884
-893
-901
-917
-923
-923
-960
12 553
-38
112
-676
-187
-804
283
-294
888
-906
432
-436
996
11 956
101
149
-169
189
249
593
652
716
757
795
-813
23 599
-49
-657
-727
727
-152
158
766
-771
197
799
-208
-853
876
880
-925
-333
337
-944
378
993
-419
-475
584
23 446
-902
-462
954
-510
-983
-94
-102
112
-115
-190
-200
-213
-238
710
-307
309
326
-781
351
358
-363
-813
-832
22 399
419
-50
475
875
-511
-112
-122
128
-939
-554
957
160
-958
-573
980
-620
637
738
-745
770
-378
-792
22 53
-107
479
850
-853
-327
-915
759
-919
-338
-233
131
-828
300
513
939
-92
623
96
-101
578
738
50
37 107
-113
-434
-977
-442
-979
551
658
766
237
344
987
-349
-29
780
-246
246
-144
469
-898
43
-689
-261
587
-593
706
-393
74
934
-729
408
-730
-628
-309
524
954
100
-850
15 202
16
221
-22
-628
834
-446
-856
-668
481
-296
-923
730
330
357
385
17 682
689
89
806
852
207
-213
-231
233
964
297
982
-385
508
-524
532
574
632
10 529
-653
-176
-247
-268
-287
-819
-820
-884
370
512
5 104
866
-868
-673
-81
-196
19 210
842
647
-17
-57
-62
-693
708
82
-525
535
-345
571
-362
-579
790
809
814
827
-198
9 719
-1
-12
-144
870
177
293
-401
465
509
40 230
-230
1
-234
-695
-705
938
19
20
-945
28
-258
-268
499
278
974
521
-524
298
-992
304
75
-539
-542
88
-121
371
-392
852
-167
628
-634
421
194
660
-204
442
-681
682
-683
-229
35 209
-213
-643
225
-18
-28
243
249
-47
467
-50
-693
-485
-905
-70
-523
737
-320
740
-532
955
-336
-756
339
-770
-983
-363
-377
389
-598
394
-398
-191
-818
827
-828
46 48
-913
483
148
-725
-53
-727
679
583
-488
-728
-731
876
302
255
160
402
931
116
-260
-982
-359
-217
554
171
75
988
-365
365
-606
942
-895
705
-369
-276
-565
663
423
-87
952
713
-715
283
91
429
-430
574
44 580
1
-23
-617
-624
-628
633
656
660
-83
673
685
690
-690
-136
729
165
-180
-778
211
-257
-847
270
-859
296
-296
896
-910
-349
-352
969
-973
-395
-408
438
-449
-482
482
492
514
-517
-517
525
565
575
43 1000
24
-30
-34
50
-57
88
-150
163
-268
268
-278
279
282
286
-293
-300
305
-310
326
-334
368
385
-437
437
-488
-584
-590
-631
634
-651
676
-682
701
-725
-757
765
-841
-854
858
868
897
-915
973
1 55
-795
23 889
-15
37
-934
-146
224
-260
-296
-304
-346
373
-398
413
418
444
473
-541
572
-581
-621
-661
728
822
828
24 291
-25
-644
80
-955
680
973
-101
392
-110
121
704
420
435
-729
-740
747
214
-217
-512
814
-536
-536
-538
-551
24 605
-641
-68
69
-682
753
156
-779
192
809
854
-865
-871
-878
-297
933
952
439
-545
-547
557
-568
-583
-600
-602
6 963
-52
84
95
322
574
682
4 151
-185
797
875
-135
32 120
-240
-5
-968
853
630
-152
-874
-875
-755
155
-277
159
531
774
-428
-552
-918
79
-800
321
565
-566
806
808
932
-333
-579
-700
343
348
-354
359
25 927
-938
-16
80
-93
104
227
230
-237
252
253
-319
329
-519
-589
610
-621
642
-646
-673
719
820
-834
868
-869
905
44 190
-764
767
-10
974
-975
-786
222
792
-225
-606
227
233
426
-435
58
-60
-633
-255
829
-639
-451
832
268
-458
-269
81
-90
282
-854
-670
483
-867
-307
119
-312
-319
-132
713
-336
148
742
-368
-940
756
14 967
972
17
42
-241
-401
423
430
-738
787
836
-883
899
-945
962
40 529
558
86
89
-128
-661
150
-167
713
200
-739
214
-217
-236
-237
767
-241
-783
-263
-272
276
-807
847
869
873
348
-373
-904
380
383
-915
-389
-928
-428
-429
441
-456
488
-497
508
-526
44 398
0
-405
-405
-823
833
435
435
-837
-50
848
-858
68
-479
83
-494
-509
-910
-912
516
-125
-129
535
-153
567
977
-182
990
993
602
-634
650
-260
-272
-284
688
-688
721
324
-728
339
-357
371
-771
780
14 647
-43
77
-79
-87
-132
-786
-796
225
894
254
957
-473
510
600
3 630
149
307
343
47 675
-684
713
51
52
728
-739
-69
-85
87
-89
-89
96
772
-801
809
145
-823
-152
165
-174
885
-215
-901
-227
-230
250
-956
295
-982
-318
336
-351
368
-370
-380
405
426
464
470
-490
491
541
553
566
-605
659
666
47 346
4
391
-400
-58
-428
83
-94
-443
97
447
101
105
-803
111
115
118
-126
-128
-828
831
-840
855
510
871
203
909
-912
567
-921
922
578
-579
947
-255
260
962
-291
295
989
644
-646
-654
312
-318
-324
-678
-343
14 750
-3
-37
-809
862
-893
-158
-202
260
-432
551
-623
-640
-688
-694
18 253
258
19
536
-286
316
332
342
598
-100
-356
610
893
-390
450
453
974
217
-487
42 410
837
-22
23
864
-865
-464
467
879
-61
479
72
-75
-84
907
-505
96
117
-938
-946
-549
152
-974
-998
197
609
632
247
679
-681
-292
708
313
-725
-318
-333
763
-354
773
774
-776
777
781
50 392
1
9
-411
-22
-37
-435
-829
447
-841
450
61
852
856
856
-87
884
500
112
896
902
-916
138
142
940
-559
-172
-967
-580
-588
-986
-989
-209
624
630
263
662
-663
668
-673
-678
-685
-307
315
-323
-355
358
-759
767
-780
-389
19 488
977
514
-29
-40
532
536
560
-134
653
675
211
-269
-770
342
854
909
-434
924
-964
43 550
557
-10
-13
591
-592
-82
-90
114
-147
702
182
-186
738
-739
189
-207
-762
-234
785
-235
825
-278
-846
-298
-870
327
-906
914
-916
917
368
-930
-381
935
394
948
-399
410
994
-477
-485
-485
-531
23 721
-748
39
57
-830
836
-856
-139
148
875
-192
-929
-227
-239
-250
284
370
-375
-489
-507
-594
-600
658
695
30 440
-1
455
-900
34
-474
923
49
-55
947
-956
95
-110
137
-137
594
-155
617
630
193
-648
-657
218
682
271
753
783
-786
406
-407
-420
14 252
1
-512
766
530
557
105
-122
898
-923
676
-690
-944
205
-739
38 386
-3
-780
-789
414
823
53
440
463
476
-96
-100
489
-517
-910
911
145
922
-940
-947
566
-957
602
218
-618
-243
-651
-273
662
-282
675
679
-680
322
-324
-720
724
735
-744
3 448
-106
-563
643
39 555
-557
21
-24
-24
29
-44
612
64
74
-651
653
654
136
143
-717
-166
724
725
-203
-212
-255
-260
-280
837
-296
865
358
-363
-957
957
-407
968
418
-422
982
-994
444
470
498
49 914
-945
-37
-959
983
72
-87
121
127
-138
-153
-181
183
184
196
-218
225
239
260
-273
293
-337
341
360
378
-397
437
-454
467
572
-666
705
-710
-725
731
-744
-750
756
-769
773
-777
-786
840
842
847
848
-858
-878
904
-904
37 26
494
780
-781
703
625
913
341
-289
576
-810
57
-33
971
867
815
815
-88
686
998
999
533
-351
196
-561
-509
-484
-745
-643
-227
-540
-827
-725
127
-76
466
596
129
32 903
5
912
11
-39
-40
947
66
-73
147
230
260
-315
332
345
-352
-401
-403
466
-494
522
523
-540
-554
574
-640
669
-670
-739
778
805
842
895
34 277
554
-837
-7
7
289
-24
-862
-863
35
330
889
617
618
-352
642
-646
932
-658
-384
398
-953
133
134
-690
-137
972
-697
-981
-432
-465
-191
-198
-790
823
3 81
-87
-36
-394
45 645
5
-15
42
-51
-696
79
-752
-774
130
130
142
-793
-150
150
-155
803
-165
-184
-855
-885
242
895
-254
-259
-270
-280
968
-981
-998
-362
364
366
416
436
-463
-479
501
-507
539
-543
549
-564
-572
-579
-630
40 284
-865
-300
590
-25
596
-30
35
607
609
-328
-343
-631
917
356
-75
-936
-376
377
-98
960
-400
117
-975
-408
416
-134
-994
-432
724
-179
760
-505
222
507
512
796
236
807
538
-834
10 640
-661
-138
803
808
-202
893
-415
-523
602
-620
15 37
-740
-519
-446
-928
562
489
50
649
428
577
-912
100
545
955
108
40 29
116
-552
-958
-785
-727
-147
-4
120
701
-5
92
-324
672
-644
-733
-211
-356
-996
997
-649
-476
-448
-333
-275
188
247
-973
-567
278
336
-947
-367
-137
-167
-807
-691
82
-140
-142
-723
1 669
-885
6 382
780
-411
-419
872
932
-684
39 188
-940
190
-194
-11
-956
-779
794
796
422
-986
423
801
246
-998
81
647
-841
-278
655
94
471
96
667
-669
-672
-113
-319
-321
-326
892
521
339
719
345
356
-546
-551
-555
934
13 199
400
839
444
-50
-262
-66
284
684
-712
-359
-957
390
-394
32 436
-888
20
916
926
-496
-496
-979
114
-556
-134
-575
593
601
609
-611
626
630
-645
215
-654
266
300
745
327
-329
-795
799
-801
807
823
-838
-863
35 736
-752
-18
-769
-775
-787
804
-93
834
104
-116
-857
-122
-884
-157
160
-906
-965
232
-973
-996
-264
-341
-366
396
-439
-467
477
534
553
554
-567
-662
696
715
-723
18 454
-470
-510
-564
565
641
650
-681
-683
706
259
754
-334
-798
-800
-802
368
-369
-895
40 639
654
664
689
710
-726
-740
-106
-117
-760
141
-148
-798
816
836
-205
-847
241
-884
-886
-251
910
293
952
-958
-963
980
983
985
349
360
-363
-422
469
548
-553
572
607
-608
-609
-625
49 470
-19
-960
25
-983
-515
517
-53
85
561
564
-582
588
134
144
614
-146
623
160
172
-185
-197
208
211
214
-697
-238
721
734
-295
784
320
-815
-351
-366
-840
854
858
864
868
401
-413
892
431
908
443
444
-447
-930
-931
28 442
-452
470
-916
-46
-59
-68
-71
-83
-971
531
604
168
175
-182
655
-668
704
282
748
-320
-329
-345
815
414
425
430
-875
-441
50 599
2
12
21
621
-621
623
24
38
46
-56
-61
-660
-73
-701
-103
131
-133
-736
-156
-184
-798
807
849
267
870
-273
-278
-879
-881
-292
300
-903
-927
347
950
966
-980
389
-390
-407
-473
-480
-501
-510
524
536
-555
557
-559
592
11 370
-404
434
128
-568
603
-976
987
-652
-670
699
-348
17 155
313
-161
-794
-334
956
806
966
53
-57
-57
-993
1000
700
554
-415
105
759
19 102
-314
-14
-748
-953
954
244
-758
453
-560
866
783
177
790
384
-82
-390
803
-600
91
48 832
833
-3
38
-885
-906
84
939
-117
-129
-964
993
-187
217
-244
251
-257
288
291
-293
-304
-304
-346
352
364
-392
404
-439
-472
-479
-489
499
-524
-537
-547
-588
-605
626
-657
657
729
-742
-746
-758
-789
-792
-796
-820
-831
40 737
6
-753
760
-34
783
50
-56
59
-76
-821
-87
-837
-109
-847
-852
-877
-144
146
-894
-918
-925
190
945
-956
-223
-279
-296
-298
320
-322
370
-402
403
-410
436
-442
442
488
-590
-591
27 609
673
-83
94
96
-725
755
755
759
-761
-772
231
-847
-247
-272
-904
-306
-327
-953
-362
-386
387
430
440
-493
-534
540
595
4 278
23
404
217
254
49 441
4
448
468
-469
30
473
-476
-939
-63
-74
90
-100
105
-112
-997
124
-572
598
171
177
182
-629
193
-634
-194
639
-641
651
-654
236
238
-251
-255
-696
-704
-714
-279
-280
281
291
-763
-768
-339
-362
369
-378
821
-834
-867
17 426
863
48
915
65
493
497
930
953
-960
-133
-168
-176
-209
-240
678
750
-409
20 331
-996
341
-352
-40
-45
-397
69
-75
-438
478
-188
195
213
-565
-251
-593
264
-954
976
659
24 314
-633
336
340
-656
345
-996
371
-57
686
-690
-381
713
410
774
496
828
-213
-541
-236
884
-275
-605
921
-295
39 315
-7
640
-18
-964
966
664
-35
-667
-48
681
997
376
-706
394
-402
-405
-90
-413
-434
754
757
-464
-472
158
164
-498
192
-515
-518
527
-533
-856
-857
-253
-261
-270
909
-299
621
44 574
-19
-39
637
-637
73
-650
655
89
-665
-124
712
-726
-159
-175
-757
205
-209
-231
808
239
-239
-240
250
845
280
282
-285
874
-878
308
-884
-889
904
-931
-952
-397
400
413
-419
-455
-494
512
-519
-568
45 888
29
-918
925
-52
65
69
980
995
-997
-115
139
-154
-175
199
-205
209
-243
-258
261
264
276
-286
-289
321
-324
-344
373
404
424
451
457
-487
-510
-638
-647
678
679
689
-692
776
-776
-779
-804
830
870
13 707
722
-760
85
-886
918
980
-279
-300
362
-364
439
519
-632
8 779
87
934
196
205
-994
-353
-550
740
33 927
-4
23
-24
26
977
998
77
169
169
191
217
-298
-300
301
-302
-309
325
-345
451
477
-479
-534
539
-542
559
570
-627
-723
-736
-760
768
774
866
21 776
-1
790
-23
-47
-75
873
-134
-928
-994
236
-278
308
-339
427
491
500
-597
-646
-678
-736
-762
11 777
-16
21
32
864
-146
-228
-264
-308
310
-397
-462
20 877
-890
86
-971
-135
185
-208
242
-342
-380
-419
-446
-484
507
515
607
674
-701
-738
-834
845
17 223
-495
274
-285
-739
-299
-82
-988
98
-331
114
569
849
855
-189
196
-202
432
12 870
-23
-52
74
-135
-189
-212
-314
450
-478
-634
-793
822
39 13
-338
-521
795
184
835
731
-419
-16
-42
-744
875
615
-394
706
-993
629
577
395
-265
902
-877
773
-175
-188
-240
735
749
-86
-268
-867
243
-672
984
869
401
-908
-597
415
-584
30 512
9
563
-575
-577
-78
88
101
616
120
124
664
159
722
724
232
749
-756
773
-261
264
798
847
855
885
892
387
431
-438
-461
-494
12 651
-56
-143
861
-255
913
-393
-454
489
-526
528
538
-595
49 601
-1
-615
630
39
-64
-677
679
688
98
-700
100
709
109
-716
-121
-135
-741
-142
-177
-180
182
794
-198
-809
809
810
-825
253
-258
-271
-875
883
891
-321
936
357
367
-968
-375
-984
-389
417
-424
448
-464
487
505
531
580
11 817
56
62
117
936
181
205
-221
-514
741
784
-794
44 796
13
-827
855
86
890
-113
117
927
-930
-142
-145
-943
152
-163
965
-987
-208
214
-251
-308
-319
382
424
-431
443
-449
-456
-476
494
502
-525
-550
554
-590
593
-644
-661
666
-675
-683
693
-708
-732
-749
47 314
-315
-944
8
-8
953
-333
-334
-963
-341
971
344
-345
42
45
-54
54
-379
-698
385
700
-391
408
414
733
427
-750
-751
442
765
-468
-159
163
-163
496
829
-842
-547
559
562
-563
-252
-267
-896
592
-613
615
934
1 747
255
39 580
-18
-21
-30
32
-621
-622
59
641
-658
83
667
156
-159
-159
-166
-187
-769
191
198
784
-215
-839
-259
844
283
305
-901
-951
401
-439
-444
446
-487
496
514
542
547
551
-568
43 273
-273
-554
-559
-297
-298
-306
860
601
603
-878
-612
-619
88
91
367
-646
102
928
933
-400
675
676
683
-686
-691
966
-148
-158
-979
-983
-169
993
-999
196
-481
482
486
489
-221
-241
527
528
-265
34 871
2
885
-19
-890
892
915
-47
83
-960
-108
141
-154
195
206
240
-273
282
-376
383
-398
-465
501
540
567
-574
583
-594
741
-748
-762
775
-799
-816
856
15 62
3
-500
-874
-1000
260
-634
-759
-278
-223
972
-355
111
425
306
742
25 383
-4
-4
774
-44
-67
853
92
100
104
-116
897
-910
912
954
-204
204
-206
-590
245
-643
-262
-306
714
-364
-755
26 489
21
511
38
41
534
538
-541
-53
-562
128
-629
-636
670
687
-204
730
256
-273
328
-829
-377
-381
-914
-917
434
-467
43 366
-10
-10
-742
-744
384
-21
389
772
-410
778
-421
426
428
-429
800
440
441
813
-457
459
-97
-467
-838
-130
-867
-521
160
-184
-562
563
564
-930
-201
-209
-946
-582
-232
975
-980
265
644
346
-359
7 11
23
-596
809
-745
262
-856
846
3 57
635
864
212
41 901
-41
61
971
75
-107
121
148
-192
205
246
265
-284
-284
293
300
-304
330
398
430
-439
-441
-455
-480
-483
-504
529
-541
630
-663
-663
673
703
729
-742
747
-756
-800
803
-820
-831
-862
30 421
29
-37
-84
-511
-513
-518
520
-107
150
-155
-587
178
-601
-612
207
632
640
656
-720
-310
-313
736
762
-766
-767
778
-790
-401
-826
412
4 125
-260
-182
-476
110
15 451
473
-473
-930
499
51
-960
-511
68
-131
-218
-674
-246
-736
-795
838
20 398
802
815
443
-502
515
-526
-526
935
190
200
606
636
653
-668
-668
-682
-689
-297
-749
356
15 556
558
-565
566
-587
-681
-686
-752
769
-937
939
939
-399
961
979
-464
25 205
414
7
-622
829
-852
-681
-899
-699
714
-945
953
544
-959
-549
961
143
353
977
-987
988
-172
794
-186
816
818
23 417
-866
49
-52
-891
67
-928
97
-520
-526
950
-536
-544
-571
-992
580
-626
631
-216
250
273
374
-401
405
24 459
470
480
-496
47
51
-974
-518
-68
547
-101
120
-135
-598
153
-631
642
288
-768
-777
-343
803
831
881
-427
43 480
-961
483
-498
979
505
-50
-548
549
70
72
-578
-590
137
-618
-630
-151
645
177
-660
-193
-196
-688
-212
-694
-703
719
-724
258
-270
276
-277
-775
297
-864
397
888
-425
428
-922
930
-943
-466
-947
36 304
-611
621
926
38
-963
-663
665
58
-365
63
675
-373
678
383
998
92
-107
-425
-736
144
150
-768
-781
-811
508
223
-224
-832
834
-836
253
-268
274
887
-584
896
4 270
-276
280
945
-224
29 29
-670
-728
-613
816
238
645
123
-124
646
937
821
-503
387
155
68
825
-653
886
-890
948
485
79
-572
-863
-459
-836
750
-461
-695
1 349
483
33 873
892
914
-947
-975
125
151
208
-258
-264
322
328
334
356
365
-387
397
-418
421
430
431
529
-591
-619
623
-646
675
704
-751
-755
-790
-795
-818
-851
39 298
-300
599
-303
602
-29
930
-932
641
-345
-646
-945
-51
652
658
676
-683
-689
996
434
-141
446
-452
-466
205
-213
822
525
824
531
-831
534
-237
538
-568
276
579
-591
296
-893
46 458
461
924
-927
-935
-947
947
-496
498
514
515
-59
71
-994
549
559
564
-119
129
136
-604
621
638
-641
-184
-660
671
220
-686
686
233
-693
-708
-257
723
272
-730
734
283
-764
-776
815
-359
384
385
-844
911
29 206
217
-230
235
-457
-251
-874
-463
-54
67
-492
-910
-919
921
-303
-517
-725
109
732
129
136
-551
356
976
-573
163
580
992
-586
-403
39 214
9
225
-445
-23
-883
-29
887
-890
479
479
-698
-915
-707
-711
-711
-73
932
947
520
-102
-746
748
-108
-751
755
-758
-132
568
997
-359
802
810
-173
-823
188
-617
834
-194
-629
34 999
21
-89
99
-109
133
143
-159
-163
-189
195
-238
-303
-329
366
-386
399
-414
444
-453
471
-542
-585
-593
-595
-696
714
789
-823
-835
-841
877
884
-958
-977
38 639
40
-687
75
718
87
-758
124
126
767
-775
803
167
-189
-189
-836
199
842
212
856
-904
-281
-921
925
-299
-940
965
338
357
364
-368
-392
-474
488
498
526
-547
-548
563
17 51
971
-311
211
-518
-518
776
785
74
892
-587
238
443
-903
139
93
558
-151
17 432
30
-904
-914
925
-69
-941
-943
-146
608
612
198
206
-270
708
-337
781
-818
34 35
-665
-490
-700
-598
634
984
110
-917
-777
252
-114
397
922
-644
-751
53
-579
614
-825
1000
-865
131
446
516
-937
-972
-414
-694
764
870
592
803
418
-174
28 992
-26
35
41
52
90
-93
132
-142
-168
169
233
-240
290
354
-369
-449
-473
556
596
-612
713
-761
799
-840
-874
880
952
-963
30 511
517
34
35
35
-564
89
-621
-115
652
188
-742
-232
-235
759
252
-254
-779
-822
-315
351
-363
-879
882
906
399
-917
-410
454
-482
492
2 484
608
-379
24 423
-436
-474
65
493
82
151
158
-582
186
623
625
-629
249
679
-260
273
712
330
-341
-344
361
-815
-404
-415
21 310
-650
-52
364
57
65
-688
379
388
83
90
-749
-469
798
-232
548
-863
873
-566
886
-607
-309
49 100
901
-101
-603
7
-312
-617
-18
919
-319
-319
-220
320
-221
-21
-523
-726
-627
-627
27
928
-928
430
731
834
336
-237
-638
838
-240
241
-944
-646
-347
-150
-550
151
54
361
770
-471
-975
-777
-677
878
-881
788
-589
392
-593
25 226
931
35
41
-276
-956
-57
-966
-970
-747
752
306
987
763
780
-120
122
-372
-383
852
-407
414
-203
-448
-674
-900
11 864
-865
877
-300
-592
596
737
-764
768
-777
-813
863
30 547
6
-554
8
569
42
72
112
-117
131
684
685
-145
761
-805
-258
819
285
309
-334
348
358
923
-396
966
-429
977
978
985
-460
-486
18 694
698
741
755
87
-121
-826
-206
-904
240
965
-997
-353
-390
-394
-587
627
-680
-684
21 950
9
964
-91
-101
-152
-188
246
265
-284
-458
509
-510
515
612
629
837
838
865
-895
896
-941
11 261
286
-553
-556
873
-617
623
383
181
-193
-997
-229
37 398
-406
417
-40
-50
854
88
889
95
892
517
927
134
-548
151
-949
950
168
-984
-195
-200
-620
242
258
-663
267
-679
-298
-301
702
-307
706
316
734
-352
-764
-385
784
37 911
-3
-7
8
941
-39
-43
-48
67
984
-998
-104
-120
-122
162
188
-251
276
320
330
333
371
372
-422
430
-431
-495
519
539
-627
-643
671
686
-717
-806
840
877
888
39 500
-508
11
516
-21
45
47
548
-561
578
582
-86
593
-604
-121
-647
163
712
220
-238
740
756
-259
-773
-781
782
-296
-322
-333
-358
-867
382
-411
926
-446
457
461
-962
-474
-977
36 423
853
433
-12
436
-448
456
470
60
-912
-491
497
-74
-923
83
-86
-86
-522
131
-554
182
-191
-616
-210
238
240
-240
-248
255
-257
-715
321
-327
339
-766
795
-805
23 227
-908
695
475
-38
-286
286
-79
-80
311
-318
-322
-323
-349
580
-586
153
-840
-389
175
422
-437
-439
-669
6 563
-23
-586
644
-116
158
387
37 297
-306
905
913
931
-360
-676
-382
981
-389
-391
691
108
411
411
-124
129
-431
-432
-441
745
-748
171
-175
203
-523
823
-827
-234
251
254
-257
-854
-263
-561
-859
-861
-270
48 30
240
901
211
-151
-572
154
514
754
-814
607
217
-878
-729
579
279
99
69
220
-610
341
-71
552
-973
193
704
-45
406
-676
-467
468
948
-649
-290
-710
-591
52
-953
24
-236
-956
-597
-28
658
809
779
-779
-719
-479
23 685
-685
708
-721
729
-68
826
-164
866
-182
-192
-226
964
-291
-299
-344
366
388
-463
478
-485
-492
674
676
40 357
359
-5
728
-729
-25
-385
-38
39
401
780
-785
-78
-799
-814
-460
485
-135
147
-520
169
-893
-537
180
556
-565
-569
-944
-250
-609
617
-981
635
994
-650
-657
684
-692
704
-350
709
41 31
342
95
-220
469
408
130
7
100
348
-410
-969
783
721
40
-506
-693
445
-600
-910
477
43
570
-694
-789
46
140
-574
48
826
-859
-797
829
-458
-892
-832
956
741
772
-619
495
-774
23 696
-696
-699
21
59
781
785
-104
-841
187
-224
942
951
268
-993
332
-460
-465
493
602
-631
-633
-668
676
19 997
30
106
125
175
222
-261
334
393
523
523
-527
589
616
700
-719
730
856
913
920
36 906
-19
929
28
33
941
-963
-62
985
-986
-990
-147
-161
172
185
224
235
-242
264
279
-306
478
482
494
602
-648
-654
671
-677
701
-750
769
773
780
-820
-875
876
15 452
-468
-478
34
495
-117
-138
591
-228
741
-748
-342
811
385
-872
-447
10 900
900
38
-156
-663
720
745
760
-766
815
-898
30 966
-39
57
-85
-133
-155
-164
-174
-177
-243
252
-252
317
-338
-383
-400
-553
558
-581
589
-593
-661
-666
698
-744
-765
-767
875
-893
912
916
42 762
768
-14
776
783
783
-801
-803
50
-812
55
-57
-845
-85
-106
-880
-121
-884
-889
127
129
908
-166
169
-188
955
-975
-215
-272
326
-370
-370
-400
499
-504
-527
-531
628
-655
664
706
717
-724
29 858
-4
-887
894
-902
-55
-919
-85
116
137
195
262
-275
-298
306
326
-349
351
-361
463
-553
572
576
590
-655
679
-685
-691
-701
772
22 867
-873
-51
942
120
-121
132
-185
-192
271
296
358
462
467
529
-551
567
-619
-621
-760
-765
-815
844
49 852
11
865
41
-51
921
922
-924
90
944
950
955
-970
-984
164
-182
187
212
-217
-286
290
-310
320
346
-347
373
-384
-426
435
462
467
-483
490
-523
-523
-589
597
632
642
-673
674
-679
-712
739
814
820
822
-834
-839
841
15 881
166
-210
-234
268
-270
288
442
456
604
762
-767
-783
786
854
-872
36 363
727
728
-369
19
-25
30
-37
-785
61
-426
791
795
-800
-447
-87
823
-834
-476
503
140
508
-891
185
556
195
567
208
-212
938
-940
581
975
980
-619
-984
-308
19 659
663
-8
-676
677
691
-773
-785
808
-164
170
193
232
900
-928
944
420
-476
-564
-580
28 625
-10
658
664
46
-52
-687
700
-103
741
-817
236
868
877
895
900
905
293
-931
-936
968
-1000
-396
-460
-470
576
-589
-593
595
8 400
-407
867
74
-540
-561
590
612
-359
24 78
-471
-791
324
-650
-497
31
-500
971
428
898
-119
200
983
-986
-755
-835
758
836
526
610
-299
-770
70
72
27 993
-994
-30
34
43
-100
143
199
-207
208
433
472
486
579
-605
631
-646
-699
-710
-713
-716
-736
-764
765
820
-864
900
980
43 686
693
-27
45
61
-762
766
-777
-101
-108
798
-114
121
125
129
-834
851
854
177
-183
186
884
220
-254
254
956
957
274
279
966
-286
-984
990
336
-345
365
-389
390
427
504
-550
-585
-640
682
1 432
0
48 189
951
198
769
-958
15
-15
775
-777
-212
-223
986
-232
803
804
-804
810
246
-437
-248
-627
-821
-823
634
68
-449
-454
458
-81
-83
653
-466
-663
-288
292
681
-115
-495
685
-720
-532
532
-728
164
738
-361
552
-933
559
12 87
-352
-271
200
-467
395
-920
317
668
64
762
344
-692
28 698
28
40
-743
749
53
765
-767
81
-120
-878
924
948
-958
-279
286
-295
-375
-402
419
-426
-534
574
-599
-624
-625
-650
674
-676
23 559
-23
25
31
-32
-646
650
682
145
178
-187
213
786
228
-813
-254
254
292
903
-344
-358
972
-976
550
34 195
-587
-197
-782
-19
-219
225
812
622
-40
236
243
646
649
-262
665
472
472
864
102
708
-516
-523
-934
-158
-548
354
-551
554
758
174
960
576
-189
777
46 284
298
882
-315
886
-890
-56
343
62
67
922
-361
83
-942
-659
-377
674
-966
683
984
133
134
-991
712
715
431
-448
165
-450
-185
190
-768
-770
495
784
-502
-219
789
506
-507
-507
249
819
537
827
-827
267
43 781
10
27
-30
-814
-45
-46
-56
-72
74
-871
-877
97
124
142
-940
953
182
-969
-973
-232
274
-316
330
335
-370
406
408
424
452
486
-504
569
-585
603
615
-619
630
630
658
692
-699
742
758
33 879
-894
-18
-34
34
922
929
933
940
-80
88
89
92
-123
-309
329
345
346
-430
479
-479
508
512
610
630
-668
-669
-697
795
812
-824
-831
-837
841
18 717
-2
-34
790
-113
-116
-922
-923
275
-339
-420
423
-489
540
-557
-628
-661
695
-696
34 590
-10
24
621
-50
51
61
80
670
670
-87
-106
700
701
128
-145
147
-148
-155
-186
197
203
803
-264
-871
281
941
-365
369
-382
-415
-450
464
-574
587
1 64
-277
26 199
-797
-799
-801
-605
-239
644
53
654
458
659
-466
475
479
-496
-497
301
-519
132
-943
149
159
-756
761
372
-975
194
7 425
36
949
-959
235
-755
-780
415
1 395
965
13 82
579
664
752
-347
443
36
-453
52
464
-794
309
-146
-491
15 176
531
891
-32
-218
-54
-583
585
417
626
453
-631
104
839
166
-524
3 879
-910
70
-657
34 631
7
11
20
-682
-703
-99
740
755
-148
163
798
832
-835
205
-212
867
888
-266
919
924
-296
-312
359
372
388
-392
401
-425
-466
-479
489
-492
502
-533
41 545
-591
-628
-89
104
138
-139
-685
-152
164
-713
194
-197
202
-204
-757
-760
-760
-779
787
-269
-277
842
-844
303
307
307
310
-856
872
-878
-376
-922
-379
-398
956
-999
-476
477
-498
-500
541
35 530
-545
-567
-58
596
-91
114
-668
-684
705
-201
736
-207
210
234
235
-257
-796
-812
296
-829
316
-871
-884
884
-360
892
-379
937
945
953
-423
983
484
517
-519
27 139
-140
-429
-569
-989
-856
-39
321
337
341
760
-353
917
-226
-237
378
934
-938
663
-950
-950
117
-539
-545
824
-824
-410
273
1 353
-557
41 939
-941
-943
8
955
25
-984
986
-49
-989
96
-120
120
172
183
192
193
206
-215
-265
284
290
-296
302
-318
-327
372
434
440
-446
466
469
-513
635
-637
647
-653
-665
-707
-820
-887
-898
45 458
-4
-473
21
-21
-22
947
42
-70
-592
601
-612
614
-625
632
-196
-659
660
216
217
-689
699
714
273
-738
283
287
290
291
757
-299
765
790
790
792
356
-358
-364
825
367
843
388
-391
393
-418
436
42 569
-577
16
16
588
-591
33
612
-44
47
624
-630
119
723
-723
155
726
-734
-736
749
761
762
-769
200
-797
-825
-832
277
-290
-864
365
-955
969
-973
-411
-988
-989
520
533
-540
-558
-566
-567
15 931
948
-68
-70
-119
-128
-179
-294
389
-421
-567
-661
-671
736
-895
899
29 90
542
-903
723
994
-275
192
-193
-105
-741
655
-206
386
-570
660
-751
483
-309
-226
-768
590
-596
-866
-330
-61
-518
-78
438
-172
806
9 179
719
-203
-562
632
-104
645
-655
170
-175
16 284
285
-891
897
926
116
123
-980
989
712
-440
738
-785
-530
-826
-543
-554
43 570
-9
-44
53
632
639
73
-86
-670
-111
-694
696
129
-130
132
-147
148
-159
752
-752
-783
-786
224
-798
804
-808
-813
251
-825
-862
299
-338
910
-913
915
-366
390
-960
403
-980
-462
-483
-511
512
43 977
-991
991
41
83
94
96
-97
104
129
-205
295
-309
326
405
-411
-419
-421
426
-443
446
-447
464
486
486
-510
-531
573
575
621
657
-720
741
-748
784
800
-813
-834
879
911
-915
-920
-964
970
17 913
-3
33
-961
965
171
206
237
263
-292
328
-428
450
-737
770
804
-839
881
39 796
798
-14
-28
830
-866
866
-82
92
-92
-890
95
-900
-902
-114
932
-955
-955
-161
-977
-183
-193
996
-211
-268
283
346
446
-459
509
539
549
-610
626
638
645
685
688
-724
791
41 312
-3
-320
944
646
26
963
653
366
63
387
700
78
-720
745
762
-794
489
185
198
-514
-828
533
-537
853
-862
244
253
566
570
-259
-572
-265
269
-270
290
-604
-919
610
302
-620
935
13 85
-172
263
200
631
-299
-472
472
-392
993
320
-412
-333
590
29 590
1
-607
23
-615
-44
-68
-71
673
108
115
-744
-752
-773
189
-806
859
-860
-275
-875
296
316
910
-322
339
-957
-385
-421
466
525
45 917
-929
-28
-958
967
54
-55
60
100
-125
172
-188
189
247
267
287
-298
301
-310
366
367
-395
-410
423
-456
-533
560
-562
563
565
-566
570
-573
589
-618
-622
629
649
-662
689
-801
-810
-825
827
-861
-878
4 460
-9
-934
552
294
38 974
29
44
61
-76
124
-129
-182
-220
243
285
-298
-314
407
503
548
551
-554
554
557
-567
-606
622
658
692
693
-711
746
749
-763
797
814
-838
852
-871
-883
-930
931
-937
41 58
-290
406
-59
-176
874
-65
65
706
997
-418
187
-187
129
768
-17
716
-775
137
-138
-256
725
668
495
-495
-208
-267
-326
38
-156
388
392
-683
859
337
802
977
-919
-748
923
519
-753
10 298
-12
923
-330
-42
373
674
-391
-991
197
500
4 864
871
-911
-949
653
49 29
841
-609
609
319
697
-146
-494
-843
-89
-816
-933
528
-992
992
-65
-7
-211
879
503
-881
823
-765
-852
-563
-186
-218
-218
334
538
655
800
279
-367
-251
-368
224
631
399
23
633
-227
24
953
-518
-925
-693
-259
810
-724
4 699
-989
397
-404
-554
27 928
-18
-24
-73
153
-215
231
278
301
-326
-332
-373
374
-384
-464
479
-534
-540
-553
-588
605
657
667
700
-724
816
847
855
50 450
452
-33
944
500
-53
519
71
73
982
-534
-87
88
-542
-556
557
-111
-562
-572
-154
156
-160
627
-198
-649
221
689
705
-262
263
-273
-728
730
285
-746
771
784
335
-790
797
-369
-827
-837
393
-394
852
-859
-417
889
890
-448
24 826
20
852
869
49
87
-935
114
-953
-130
956
157
-157
189
290
372
-377
379
-442
561
-673
709
717
753
795
16 302
-916
-919
-642
73
696
104
122
449
752
-771
773
-794
-514
523
830
-248
28 578
8
-19
-38
641
-649
-667
-683
-688
-117
-130
157
737
159
-172
-173
-766
-196
-820
-328
354
356
-378
975
-401
435
-463
498
567
17 112
793
122
-463
-579
-704
-705
258
148
-380
614
623
408
-857
-307
-765
654
-671
15 212
242
669
-672
490
75
-929
-729
-955
-534
337
763
984
359
-386
404
34 898
16
-16
-40
-938
51
-130
134
-153
-161
190
-191
194
245
-265
-304
331
334
-348
360
-374
377
-387
-399
402
-419
-420
452
489
-546
-658
-681
-698
-719
732
46 586
-12
-28
57
99
-104
-113
700
703
139
749
-752
754
-173
-180
-769
-193
-799
216
806
-810
225
-236
-243
-835
-838
-839
261
851
859
-295
296
304
-308
-321
-930
-355
-945
-954
377
-985
-996
998
467
-474
486
575
40 809
-815
-15
-861
869
-62
879
116
927
929
120
-127
937
137
948
183
208
-227
-309
-309
-324
357
-384
400
443
453
456
-478
-516
-549
-591
607
612
696
705
714
-720
-742
751
-760
765
42 666
8
-686
692
-51
-720
-56
56
-64
-81
-755
97
768
774
-115
790
129
800
159
-844
-857
193
-866
873
-213
-226
-966
981
347
-470
486
-487
504
-530
545
559
-571
580
613
-614
633
-656
657
13 227
473
281
65
752
106
-351
364
-370
-164
401
636
-663
-448
26 538
22
576
597
62
-631
-638
-125
711
-184
190
-196
-251
260
279
-835
847
860
-873
377
933
-992
466
-473
478
-500
524
44 893
898
-906
16
32
930
-44
49
58
-952
967
-978
-119
-126
155
-258
274
308
313
-342
358
415
-439
439
450
471
-473
482
483
549
-608
-715
-720
-726
-735
739
-755
757
784
-813
-814
-816
-830
-838
-881
40 731
737
-738
740
-12
-757
-41
-50
67
-70
83
85
109
113
-854
-125
133
-149
154
164
-189
-938
955
-975
250
-993
998
295
-312
-323
-341
412
437
523
539
590
602
602
637
641
693
10 397
458
-959
179
996
-668
-339
-740
-379
780
-791
16 38
152
760
495
419
-229
-800
-576
-354
-91
-628
-591
-173
-898
-481
-788
-111
26 151
0
-154
-762
9
-169
323
33
-488
-641
195
655
-212
-373
374
-374
-74
75
-238
-402
-856
-104
-714
-438
-744
447
299
37 924
17
39
49
977
980
61
986
-987
-989
118
-152
188
-188
224
309
349
361
375
-384
-453
458
-467
566
-567
-582
-592
592
-593
627
-703
736
758
-821
828
-835
-866
917
28 605
37
48
51
-85
-715
728
125
-731
801
-811
816
217
-230
-252
253
893
902
905
-927
324
930
-342
977
-382
992
460
470
-490
45 286
-302
-303
-19
306
-903
52
356
358
-645
-74
-360
363
-83
-946
-951
-384
959
-118
-692
978
704
-715
431
437
153
478
-196
774
-779
211
-790
-233
-807
523
-241
-245
249
-822
258
-830
835
-550
278
-568
-284
12 167
-674
-851
688
-874
584
-260
-105
-611
120
-790
-983
666
24 421
4
847
438
-33
-48
-919
949
-954
-534
-541
-134
-162
625
-224
264
730
329
-751
-755
-766
366
-373
404
415
35 543
10
18
579
-580
-52
-606
607
91
-93
-653
-658
-703
-707
709
167
717
719
732
-202
-760
-230
260
-278
-286
883
-345
901
-359
-382
947
424
984
483
504
-535
1 474
-803
13 677
45
-792
-165
-887
-891
971
-988
-391
473
-491
-524
-610
-651
7 63
-126
-9
73
854
797
-743
753
10 512
-529
-559
55
-66
-68
119
129
668
-675
-842
41 568
-9
12
-586
-599
604
-612
636
86
656
100
-686
731
-165
199
-209
-779
221
790
-228
801
-819
258
842
855
-290
307
-321
-337
-911
386
-388
-396
-966
406
975
414
990
447
483
488
522
22 61
-917
-919
-736
493
196
14
-990
-138
-263
-875
-876
84
515
-333
-462
97
282
228
961
293
359
-485
36 478
-961
963
-485
-15
-498
25
-515
995
524
-525
54
-87
-570
584
-136
143
631
-155
-166
-166
-176
-656
-667
697
-704
-734
-741
-751
751
-291
-804
-337
-835
358
848
-885
31 883
-3
51
68
-964
967
967
85
-91
-980
-104
107
996
-150
-196
216
248
263
320
-332
-363
-370
-417
482
-534
544
-599
-627
640
-799
-821
-838
3 251
926
-933
-960
33 443
-11
-478
-45
53
-62
951
71
525
976
561
126
-127
-127
-137
646
-204
228
705
-730
730
745
314
317
320
-320
-772
786
-791
807
-395
-849
870
-880
48 904
904
-922
922
-20
-22
29
-34
943
-60
60
972
-80
-106
-106
131
-140
-149
229
290
-352
362
-399
416
-420
-510
-516
-518
-533
-569
572
608
636
-644
-657
-659
661
-679
-703
-731
-745
774
-786
-788
792
-817
-866
887
895
28 984
-122
129
152
-164
-164
-188
249
266
273
-349
-411
-424
446
460
558
570
-614
-616
695
696
-720
762
767
-789
-830
849
-950
951
33 353
388
752
-407
438
-88
-95
-450
-451
807
-809
-814
-472
479
832
842
-490
-845
882
-889
194
904
201
-908
922
596
-605
-987
-642
-290
305
-671
-680
693
33 930
940
959
968
52
-68
74
104
114
119
-135
153
-156
-172
238
-252
267
-366
394
-397
407
-440
-492
-503
-592
-605
-636
654
-661
-678
701
-711
-774
895
34 148
889
-896
898
-457
-754
315
-465
28
-185
-492
494
-204
-797
-354
356
357
-64
-72
380
-238
-388
-981
-389
-94
690
-842
-251
696
-106
-404
1000
-115
-562
283
32 587
-589
-589
-8
625
633
-644
-73
-101
-109
137
767
202
791
-801
815
-269
-281
-878
-292
-887
-892
306
-913
-914
955
971
384
384
-386
-995
-448
474
40 351
-3
13
14
-718
373
-388
758
-417
773
781
80
799
803
108
110
813
-116
468
469
-847
-148
-859
-861
529
-179
-551
-551
563
-570
232
955
-263
-970
294
294
999
651
673
-691
344
47 56
-504
616
116
396
676
341
-510
790
735
119
-290
-515
349
13
-183
20
526
-863
977
137
-196
477
422
-814
-982
982
312
-648
593
145
89
-819
-372
-206
598
152
266
-547
-324
997
-214
-552
106
330
-442
221
-726
7 604
686
-113
734
-268
-465
505
-535
28 226
-466
473
-475
-939
-940
957
-547
-780
-780
333
787
-791
346
802
352
357
813
-159
410
862
-186
645
-419
-882
434
-664
892
677
47 162
-649
-163
-326
-983
512
675
-193
358
682
525
47
858
862
-221
-547
-223
62
557
-397
398
-723
78
890
-409
-247
-411
419
-100
-426
591
-433
-434
-927
443
-444
-768
-285
616
940
-779
294
297
-462
635
798
-961
319
9 795
67
-883
154
386
-401
484
545
687
-752
33 280
-281
11
-23
-47
892
614
-58
908
917
-637
642
-660
-398
965
134
-416
419
-983
-705
151
-992
449
172
461
-184
-190
-771
497
-499
508
545
-267
-831
18 829
919
946
-166
-273
-315
361
-377
-407
454
-552
-555
569
613
-682
-699
-785
824
-825
27 967
9
-64
-117
168
251
259
290
-396
-401
-436
437
-446
462
-471
-526
544
-596
615
-651
-672
680
-698
719
766
-830
-917
943
37 926
-929
-16
942
977
51
983
-987
992
-74
-109
-143
-176
208
-272
286
321
344
369
397
420
-442
454
462
-468
493
540
632
-638
654
671
704
709
710
768
782
811
-910
16 555
-558
-563
-632
-85
98
-692
-143
701
-718
-831
-840
908
921
428
514
516
25 454
-932
-952
963
-963
-64
-518
-541
998
566
585
188
193
-224
740
-743
-760
308
792
347
828
-843
870
426
-445
-451
14 438
-455
951
-535
557
563
690
-699
296
-734
755
-766
766
331
861
27 846
-8
-43
-55
-902
94
-97
148
242
290
426
-428
429
-480
-519
-589
-611
615
-629
-662
688
-692
701
-716
718
734
-739
-740
36 174
-1
-525
4
5
-213
397
-400
-748
405
-245
-599
605
959
264
-439
-441
-442
270
-445
272
-800
107
-114
-637
126
-997
-477
129
-139
-315
-497
852
-853
-334
-340
-516
43 265
-530
-268
555
28
-835
-575
606
-874
-348
-350
616
91
623
98
643
-911
381
383
384
914
-920
-391
-392
-132
-662
670
-148
947
949
-686
691
-165
-434
-174
976
987
-996
-467
-469
-224
230
-763
264
7 275
69
-639
-653
-399
-962
-724
476
23 53
-108
641
-61
-115
-752
387
-602
814
-286
-340
-394
820
397
-28
-725
-778
-833
781
-678
944
-97
735
471
26 54
-919
-5
-61
-387
-15
-232
-125
-400
-239
-243
-135
571
-31
33
-953
575
-900
469
146
525
-905
420
746
-427
807
-429
20 476
-2
955
-982
-515
-84
-109
-616
-623
-149
-184
-191
681
-214
-700
239
247
-294
791
825
949
45 198
400
-6
-206
803
407
409
608
615
-617
-40
-437
45
-645
649
-65
661
473
474
-477
287
884
-495
499
-504
-520
-134
728
339
-740
939
-148
744
349
550
-556
761
-566
-765
-766
-180
-577
-181
583
-785
-395
7 328
-663
668
-740
442
794
-814
231
17 662
5
25
-68
770
115
-787
-142
-812
167
-269
-350
-409
434
440
483
-486
-603
15 693
77
771
97
870
-182
891
-903
-924
347
-385
434
-442
483
-515
643
8 119
120
976
-982
747
-394
-663
83
-567
41 633
8
-651
653
-25
32
51
-694
-81
101
-131
-142
-155
-166
-803
-184
201
229
-873
253
262
267
279
913
297
-949
-323
965
343
345
-355
-993
994
998
446
-448
490
500
-538
576
590
602
44 475
-476
-954
7
-38
997
-532
-63
-543
-545
556
560
-561
563
577
110
608
-613
624
161
-648
654
-676
-689
215
-232
-243
-722
726
726
254
-288
-302
-303
-785
786
-789
813
-835
-846
888
422
898
-430
917
37 995
-55
96
-101
-152
154
325
366
380
388
-392
-421
469
479
525
547
-560
-564
596
601
615
-656
657
-664
-729
-736
737
-745
766
769
-778
780
-783
-838
-842
-869
-910
-919
8 189
-945
-401
-821
-68
-642
-505
727
-167
46 376
2
-765
-392
777
-407
34
-411
40
-48
-434
440
85
-87
97
-855
113
867
498
-499
-878
888
-911
-161
917
-542
-929
181
-563
-565
197
-200
961
603
-985
237
990
245
-246
-255
276
-289
309
690
358
743
747
45 368
-372
376
-755
-760
27
30
768
47
-792
-793
71
825
92
462
835
486
-488
-858
868
-501
137
889
-159
896
-905
-546
-179
-947
211
-948
598
971
249
986
295
-323
694
700
-713
348
-721
-354
-725
-357
-726
5 61
-805
-319
23
-777
179
43 855
-885
-37
-62
-921
928
-80
949
96
-960
966
975
121
-131
143
-149
-160
194
243
246
-269
285
310
-318
324
-358
366
-370
380
463
473
501
-509
545
552
552
585
-611
-638
661
-704
-706
-845
-853
48 359
-365
724
-11
373
751
-393
757
-39
413
-782
-432
-438
801
92
454
-97
-461
467
844
846
849
509
-869
-186
-904
-905
-191
912
203
-218
-222
-947
971
253
-261
263
-990
-276
643
655
-299
672
-702
-703
703
-344
351
-717
49 205
-822
827
831
-835
-631
-836
-223
-846
858
43
-867
-252
462
-683
479
890
-75
706
510
-719
-516
315
931
932
732
-528
-734
325
-942
743
-334
-549
-960
551
-963
-349
-554
768
-782
579
-990
788
175
-587
796
808
199
611
-204
33 510
518
-537
35
50
-55
-598
-601
93
-608
-117
140
140
-143
149
-187
-717
-232
-234
-744
254
766
270
-308
-833
-843
848
435
438
973
-983
474
986
-477
37 301
-2
-914
-619
924
624
35
-950
-657
-361
-675
695
429
738
742
155
758
459
168
775
-776
-492
194
800
-203
-509
-817
819
523
-531
235
235
-236
238
-563
262
-577
893
17 754
-12
-20
-785
-807
812
63
859
-360
-377
-463
-479
-520
-570
654
660
-697
708
4 816
-90
156
539
740
13 791
894
-922
-134
-188
-360
-361
-365
-378
452
601
602
-616
656
39 335
-336
-4
-362
700
371
36
37
-52
-53
61
401
-407
-743
-767
-769
-104
445
788
-788
-121
-125
799
-141
-486
849
-529
539
879
209
214
567
-591
-936
938
276
-956
964
-634
300
42 131
791
137
-799
144
144
803
148
-677
546
154
29
-305
309
-446
-970
186
-587
-590
-465
-597
-861
994
-603
-341
343
-999
-742
483
357
-620
882
361
-105
502
-897
769
246
771
247
641
-775
-383
49 872
-29
57
-58
63
-953
84
-99
-106
112
-114
117
993
-130
147
-159
266
282
301
-302
303
-320
-335
-366
-370
-378
379
-389
-391
433
-438
468
-473
-536
539
-539
545
548
-592
605
-668
685
724
743
-758
758
765
-774
-824
-839
46 659
-676
20
23
-695
48
711
57
-720
67
726
727
73
84
-97
130
160
-838
848
-850
192
196
-200
865
208
234
912
921
-265
268
-930
-288
-950
-951
956
985
392
413
-450
450
-484
501
517
-520
-541
607
656
2 163
711
-967
23 360
-743
23
32
44
-797
-80
-801
816
102
-106
472
-500
141
-521
-175
-548
210
223
-225
-227
-658
-686
-710
11 433
53
99
598
-204
-658
-679
354
-805
832
-832
-406
11 592
650
655
70
79
698
733
204
210
870
383
-570
20 49
-152
-301
-749
-308
309
-850
-655
-900
657
560
-22
759
-321
625
-530
825
-188
778
-681
-632
13 846
-855
930
124
-127
-138
-170
-222
275
-427
-484
-497
-778
-804
42 120
364
10
612
19
741
-509
509
390
274
876
996
-885
407
-888
289
177
539
-64
184
187
789
-312
-552
913
673
433
193
-323
-208
574
-455
-335
218
462
-944
226
-349
830
233
717
719
359
17 935
-46
-986
72
-110
302
-342
361
365
-538
-540
-602
687
768
847
856
-916
-928
45 404
-422
447
-857
-860
53
-866
-74
501
-504
908
104
-509
918
919
515
-124
940
943
-949
-146
-554
-571
-576
577
-986
590
187
-610
213
623
-230
648
-655
-660
303
720
-735
738
740
-742
354
-365
-375
-786
-796
28 510
536
35
-46
-559
-573
-592
-592
622
628
169
199
211
742
-745
823
322
-847
337
850
850
365
367
394
-911
946
-438
969
461
48 372
372
751
-756
387
28
36
780
-41
-47
793
422
-440
-78
-836
109
-488
-118
-122
-126
-132
-142
-147
522
-523
896
-896
163
554
-196
-202
-950
-208
-963
-599
981
616
-245
260
295
-297
303
304
-676
-311
-313
-692
-710
739
3 375
-217
281
305
30 241
242
487
-247
971
-503
-744
263
-763
-55
61
65
794
801
561
-817
-819
338
582
344
-595
124
-382
190
-923
-930
208
-940
-460
-461
-477
9 502
520
540
57
-89
-680
695
-348
850
939
22 699
-733
734
-737
766
-781
82
782
162
864
167
179
-194
-221
927
-953
-956
319
-355
522
-577
-599
-697
23 694
-729
-766
-88
-89
-91
128
-887
214
254
-968
-305
307
-332
-366
-419
-465
-499
-524
529
555
610
-655
661
34 373
-756
-15
-762
25
788
-48
-83
-460
-461
-842
-474
-486
-862
-887
902
-558
-570
-571
-593
602
-616
-618
622
250
-252
-628
287
661
-300
-308
-685
693
358
735
5 169
-428
609
-300
-309
483
21 787
804
-21
-880
890
108
-109
-953
-959
-972
222
264
330
-361
374
-451
-512
-589
-622
-685
-699
-754
40 37
407
-186
-852
-965
-188
-706
706
-264
-714
-679
-161
791
569
-532
682
-794
-499
351
981
20
835
169
-392
466
984
615
839
-506
396
-656
-730
29
437
178
660
-403
107
848
332
332
35 107
648
-222
758
767
985
985
-775
350
245
-890
-893
359
40
-149
899
-473
-582
-904
802
-389
-818
287
-183
-76
827
188
-941
299
-621
-306
-630
525
204
956
-957
10 214
-220
482
541
-334
576
-160
394
614
-631
-213
40 666
-681
694
-702
-706
712
724
-60
-61
730
-747
-750
-754
94
114
-146
164
879
880
-896
-266
-935
967
336
-393
404
-437
-440
458
-474
-527
537
-545
-548
559
-590
602
603
610
-618
-624
20 763
27
-48
-854
-893
171
-183
214
-399
404
425
455
-514
551
562
-575
666
-692
-725
732
748
23 711
-8
13
725
24
77
-818
136
-166
-169
203
925
-957
961
995
-385
-402
411
-445
-446
-507
533
-663
-681
7 486
-626
636
-176
-665
758
-387
955
4 760
-771
-75
-380
-561
4 79
636
-835
612
-70
42 996
11
58
154
172
185
-192
-224
311
319
-355
-370
-408
-438
448
460
462
477
505
-540
542
-545
555
-556
-589
627
-628
630
648
659
701
707
-746
749
751
753
-758
786
842
-914
-926
967
993
29 825
833
-834
-838
838
849
-50
-882
-74
79
920
-936
945
123
-193
208
327
329
-346
-357
-372
377
383
390
-464
480
496
542
-675
808
27 522
-570
59
618
-651
145
164
-171
700
-712
194
208
756
777
-290
-293
-297
-826
312
-346
-874
356
-367
-922
-420
420
945
-424
29 292
4
-305
890
-890
-313
902
320
612
31
52
658
659
368
-978
397
399
123
441
159
159
462
181
-809
826
827
-257
-270
569
-865
49 244
-494
-15
261
994
20
272
29
30
276
768
-525
-281
775
287
45
-58
-303
-65
74
87
579
-582
345
106
109
844
117
-128
131
378
622
-627
634
396
410
654
-654
661
906
663
-182
-941
-455
-701
457
704
474
-477
-974
1 64
682
41 141
564
-283
989
993
300
730
-731
31
-596
-179
-41
-893
331
896
-198
-58
-200
355
920
-499
-360
648
-85
795
-96
-942
-665
242
251
394
-676
-256
-116
823
-405
-409
132
-699
137
139
-845
44 421
857
18
-27
-29
52
474
478
903
61
916
-917
-933
92
950
536
961
119
-963
129
133
557
-145
585
190
-622
202
-625
-206
657
237
-246
251
-696
709
-738
-324
753
-339
-355
-777
783
787
-385
-387
12 715
839
-182
899
193
194
-972
-310
346
352
-368
-408
-689
36 349
-359
-712
-372
36
755
-406
417
-76
92
-826
134
-836
505
-174
-873
877
199
-552
-902
206
-216
-918
-227
-239
242
260
-977
-628
978
288
987
-309
-318
320
673
679
39 848
-848
-853
863
-33
44
-45
905
-74
100
951
953
106
-962
-122
139
233
-274
340
351
-359
-361
387
-428
443
467
-484
502
503
536
571
-587
-600
-604
-626
-715
781
-785
826
836
11 773
-2
788
-830
891
893
-897
-416
-459
-585
-602
606
30 254
-510
769
-515
264
522
783
-285
285
805
-50
55
321
859
878
123
-389
395
651
918
422
686
-945
-438
-185
440
973
977
483
-486
741
34 20
620
581
-544
845
-825
-126
926
987
867
67
-27
-969
969
869
149
-430
-530
-950
-271
172
492
672
-912
932
673
-394
-454
534
914
914
-395
697
-458
479
12 1000
380
-408
-444
-486
617
705
-853
855
902
916
-917
-943
43 170
-170
-513
182
15
358
360
-712
212
-726
-219
-393
-227
909
-741
-68
918
-579
250
-590
761
935
-766
-769
434
98
780
951
271
448
-959
280
962
120
-633
-810
991
-657
487
660
152
832
837
332
43 184
372
-561
-24
-212
-214
-33
783
47
-58
-978
-611
983
432
-813
-452
270
-91
-646
279
-832
-101
103
-478
481
-297
-667
-854
-490
675
125
310
310
-873
-873
321
874
507
877
697
-888
528
911
-362
21 590
-56
63
-67
-668
-683
103
-708
193
207
-845
853
-865
-278
339
-932
-934
364
-975
466
482
532
21 505
511
21
-29
35
-549
122
-645
140
232
269
776
-278
-304
316
-328
342
867
902
-409
-977
-481
36 835
-9
-17
-857
914
-80
-940
941
-111
950
126
-133
136
-975
975
-145
-148
995
-244
256
271
-272
275
-344
-365
370
-499
-502
531
-597
615
-633
-665
-727
732
-768
823
13 718
23
74
-833
895
897
932
-276
-395
457
-520
-575
576
-657
47 566
566
6
-13
-600
45
614
61
-651
91
100
-140
-722
724
-164
743
-178
-179
186
-759
-775
214
-226
-797
236
-248
-264
268
284
868
309
-341
-921
922
388
963
-977
412
-416
991
430
-436
-462
-473
495
-497
-521
-530
24 1
-941
927
-851
-635
617
-475
-419
-415
381
-331
317
-251
237
217
230
-238
262
272
290
402
486
-644
878
-884
7 199
417
-234
-833
874
290
495
555
29 586
-8
22
612
-627
-44
-45
80
81
-107
705
722
144
-189
-807
810
-246
851
293
-321
-365
965
971
-983
449
479
483
-513
539
555
26 286
875
-304
23
598
886
43
334
-66
-359
86
-375
673
675
-965
970
970
-401
-123
-418
-156
-732
461
-491
-227
-516
568
11 665
-1
-670
-711
215
-220
-942
-331
-383
580
647
656
15 735
12
48
-877
-209
-946
-948
246
-278
-282
365
-450
533
-535
579
647
5 323
16
-670
359
127
190
17 976
-985
-38
-58
-76
-166
221
262
-308
315
-370
411
-441
-444
-464
555
704
746
8 25
525
-979
259
-835
-415
-842
-868
174
12 632
651
-44
-58
699
719
129
-856
880
-888
-461
-610
625
36 813
2
-818
29
851
41
-867
873
-76
112
938
962
-190
-193
-208
-249
-296
-310
328
-332
-350
-351
-415
439
458
476
-478
538
-564
565
-586
-587
-660
662
-716
-769
774
4 289
-944
-985
132
727
1 530
796
49 899
900
-18
19
-924
927
-50
51
-952
960
68
-974
-984
100
125
-167
184
222
-242
-260
-262
295
299
-301
-319
329
-356
359
-389
-396
399
-420
439
-477
-488
552
612
630
634
710
725
783
805
-827
-829
848
866
888
-896
-898
29 326
-339
-348
-26
28
-683
697
710
-385
712
390
-406
-745
-745
-93
99
-774
125
-134
-137
-488
-495
850
212
-216
-240
606
620
-947
-954
50 601
-3
-3
-619
-622
-25
644
44
-649
652
-64
-67
-673
680
-693
-110
119
722
-132
-142
-749
763
770
-173
-175
-781
-195
809
-815
224
831
-273
882
-888
318
-935
-936
-952
-962
-973
-418
-429
430
-431
-438
-457
-464
-490
530
-565
585
1 610
-849
7 573
-21
-44
-85
153
371
499
-558
14 972
-65
-129
-148
302
-338
367
413
445
461
-513
528
-873
933
934
10 809
-861
-111
185
-188
254
-348
-412
-569
580
737
44 191
194
-579
201
10
-394
-395
973
596
409
606
-229
420
45
428
-432
-624
243
-817
55
440
-250
-827
-650
78
-460
79
-844
83
-101
-293
497
-318
-139
337
346
927
-166
548
743
172
-174
563
-184
758
39 182
367
-732
199
23
-937
940
216
-220
406
-225
48
52
-65
248
432
-72
-800
437
442
-995
-449
-454
-821
279
-465
110
-664
666
848
-670
-125
-493
676
686
-331
-528
-712
-167
906
31 94
-474
-572
-854
-489
-962
399
682
307
-26
407
879
-504
-227
145
616
621
57
907
813
-629
-443
-638
-732
826
921
76
547
275
-746
747
938
1 667
-949
41 46
-418
970
741
-419
192
423
-148
-470
887
244
-337
337
-568
708
-481
205
21
253
-439
255
118
118
808
349
626
764
-490
950
-402
586
541
-359
406
-452
-821
-223
-914
-134
916
181
-137
50 859
-6
-866
36
903
908
-53
-54
-59
82
-92
-106
117
977
978
-138
140
165
205
-226
-268
-302
335
350
373
398
401
-413
-423
-433
450
488
494
-505
-527
533
557
559
577
-606
-611
-636
665
695
721
726
-740
-764
-787
805
-840
7 733
-77
78
285
-366
-413
435
528
25 282
285
287
297
-19
-596
-616
-898
619
623
349
-919
637
-640
-366
-389
419
447
-183
-205
770
-220
-795
236
267
-274
43 704
-732
31
739
43
-57
767
72
776
-82
-789
790
-794
-95
807
-837
-138
847
887
-909
205
-933
985
286
293
-295
302
309
-310
-359
378
390
395
405
-418
-478
492
559
566
567
609
-629
641
-646
41 484
970
-8
-8
492
-531
51
558
84
572
605
616
155
-654
-669
-191
210
254
258
-270
756
783
-796
-313
320
823
347
-838
-356
-363
853
373
-391
396
398
411
412
-431
-922
-449
479
964
12 661
-799
-153
863
281
-310
316
-352
-451
500
613
-629
653
44 644
1
654
-672
-675
36
38
-689
691
-72
84
751
111
134
-778
-825
827
192
-838
199
846
851
217
862
-863
883
248
248
-273
937
293
-357
371
432
433
-499
-534
537
550
552
570
-577
582
-602
608
12 130
657
795
545
-819
-61
721
722
-343
218
-355
364
-389
8 311
-695
90
424
-450
-479
-520
240
-900
32 27
676
731
-731
-705
-30
732
194
249
-493
737
440
549
468
-982
659
-956
554
933
-663
961
70
-232
394
-773
-207
236
885
-291
832
-860
699
484
39 963
-43
-47
69
-100
-126
126
136
-143
150
163
181
-211
-238
-254
284
-308
-309
-394
476
-481
-482
-538
554
566
-588
646
668
-673
-733
776
-794
-817
857
885
887
-888
906
-934
943
47 470
-941
15
-487
-966
-497
501
36
-510
41
535
-68
-545
88
103
591
-596
599
603
142
612
-143
-148
633
192
199
205
-206
-209
223
-727
280
-761
342
-350
-351
-353
355
835
374
387
-881
882
-415
899
-911
-919
462
31 661
-677
729
736
-79
94
-771
803
154
-849
194
-860
210
889
-244
-930
270
274
-275
-328
-991
-994
361
-367
-385
448
467
-467
503
-568
597
603
15 937
958
-125
-147
-184
-235
-305
-316
440
-537
-622
699
-750
764
-914
-935
32 891
-9
-31
56
994
114
-127
135
-223
-243
-299
-328
-339
365
-366
-380
392
398
488
-489
504
553
573
-651
-651
655
-777
815
-820
855
-858
-873
-888
2 702
733
-528
33 710
739
-55
-73
-798
-91
-802
122
853
861
861
895
191
921
229
258
-977
306
-382
411
-422
514
-517
-521
560
566
-569
586
-602
-627
648
654
678
-678
12 918
984
-133
255
292
-395
404
-719
781
-800
851
-882
-909
21 374
379
-764
404
-406
52
433
451
-81
99
513
-174
177
-959
-961
-605
-231
297
714
-714
-718
-357
4 899
-934
-213
461
-655
48 378
-757
12
-29
-30
33
-794
800
56
817
-445
-446
71
-842
845
847
473
866
-492
-136
139
-519
-541
-553
-960
-592
217
979
-604
-227
989
-990
-235
616
624
257
645
-645
-282
-291
313
-334
716
352
-352
736
-736
370
-755
19 576
-620
-58
654
162
-216
-810
-856
-285
-868
-313
-323
-358
-362
-401
426
-439
-508
-542
-574
36 148
-889
-895
-900
-18
20
-464
-912
-25
-625
-481
778
-483
187
780
485
634
-934
348
-792
62
-211
-955
372
-965
85
382
-975
-976
-93
-548
704
-707
719
-576
433
-732
9 690
-757
67
95
200
-201
218
-306
-357
-382
2 347
48
-129
6 340
-353
371
735
-55
475
575
47 817
817
-819
-834
18
-850
-875
71
74
-904
106
122
965
967
970
-163
-986
195
-265
279
289
307
-315
330
346
356
-357
398
-415
-453
460
-539
-561
-586
-591
600
606
613
-635
-671
702
-709
714
715
-725
745
783
-816
0 0
