A
3 3
5 5
17 17
36 36
63 63
--
2 9
1 9
1 9
1 9
B
16 16
21 21
37 37
41 41
52 52
85 85
99 99
--
2 9
1 9
2 9
1 9
1 9
1 9
C
0 0
10 10
35 35
45 45
86 86
--
2 9
1 9
2 9
1 9
D
12 12
42 42
44 44
57 57
68 69
--
1 9
2 9
1 9
2 9
E
11 11
22 22
83 83
--
1 9
1 9
F
20 20
51 51
66 66
70 70
93 93
--
1 9
1 9
2 9
1 9
G
14 14
18 18
39 39
65 65
79 79
95 95
--
2 9
1 9
1 9
1 9
1 9
H
9 9
15 15
27 27
40 40
--
2 9
1 9
1 9
I
32 32
54 54
64 64
74 74
77 77
89 89
91 91
--
1 9
2 9
2 9
3 9
1 9
2 9
J
19 19
46 46
48 48
56 56
61 61
78 78
87 87
97 97
--
1 9
2 9
3 9
2 9
1 9
2 9
2 9
K
38 38
50 50
62 62
75 75
80 80
94 94
--
1 9
1 9
1 9
2 9
1 9
L
43 43
73 73
--
1 9
M
30 30
34 34
96 96
--
2 9
1 9
N
25 25
31 31
59 59
71 71
84 84
98 98
--
2 9
1 9
1 9
1 9
1 9
O
1 1
4 4
6 6
33 33
58 58
--
2 9
3 9
1 9
1 9
P
2 2
28 28
49 49
55 55
--
1 9
1 9
2 9
Q
13 13
24 24
29 29
53 53
72 72
81 82
92 92
--
1 9
2 9
1 9
1 9
3 9
3 9
R
7 7
26 26
60 60
76 76
90 90
--
1 9
1 9
1 9
1 9
S
8 8
--
T
23 23
47 47
67 67
88 88
--
1 9
1 9
1 9
**12
