1827
1 1 2000 0
2 1 2000 2
3 1 2000 4
4 1 2000 6
5 1 2000 8
6 1 2000 10
7 1 2000 12
8 1 2000 14
9 1 2000 16
10 1 2000 18
11 1 2000 20
12 1 2000 22
13 1 2000 24
14 1 2000 26
15 1 2000 28
16 1 2000 30
17 1 2000 32
18 1 2000 34
19 1 2000 36
20 1 2000 38
21 1 2000 40
22 1 2000 42
23 1 2000 44
24 1 2000 46
25 1 2000 48
26 1 2000 50
27 1 2000 52
28 1 2000 54
29 1 2000 56
30 1 2000 58
31 1 2000 60
1 2 2000 62
2 2 2000 64
3 2 2000 66
4 2 2000 68
5 2 2000 70
6 2 2000 72
7 2 2000 74
8 2 2000 76
9 2 2000 78
10 2 2000 80
11 2 2000 82
12 2 2000 84
13 2 2000 86
14 2 2000 88
15 2 2000 90
16 2 2000 92
17 2 2000 94
18 2 2000 96
19 2 2000 98
20 2 2000 100
21 2 2000 102
22 2 2000 104
23 2 2000 106
24 2 2000 108
25 2 2000 110
26 2 2000 112
27 2 2000 114
28 2 2000 116
29 2 2000 118
1 3 2000 120
2 3 2000 122
3 3 2000 124
4 3 2000 126
5 3 2000 128
6 3 2000 130
7 3 2000 132
8 3 2000 134
9 3 2000 136
10 3 2000 138
11 3 2000 140
12 3 2000 142
13 3 2000 144
14 3 2000 146
15 3 2000 148
16 3 2000 150
17 3 2000 152
18 3 2000 154
19 3 2000 156
20 3 2000 158
21 3 2000 160
22 3 2000 162
23 3 2000 164
24 3 2000 166
25 3 2000 168
26 3 2000 170
27 3 2000 172
28 3 2000 174
29 3 2000 176
30 3 2000 178
31 3 2000 180
1 4 2000 182
2 4 2000 184
3 4 2000 186
4 4 2000 188
5 4 2000 190
6 4 2000 192
7 4 2000 194
8 4 2000 196
9 4 2000 198
10 4 2000 200
11 4 2000 202
12 4 2000 204
13 4 2000 206
14 4 2000 208
15 4 2000 210
16 4 2000 212
17 4 2000 214
18 4 2000 216
19 4 2000 218
20 4 2000 220
21 4 2000 222
22 4 2000 224
23 4 2000 226
24 4 2000 228
25 4 2000 230
26 4 2000 232
27 4 2000 234
28 4 2000 236
29 4 2000 238
30 4 2000 240
1 5 2000 242
2 5 2000 244
3 5 2000 246
4 5 2000 248
5 5 2000 250
6 5 2000 252
7 5 2000 254
8 5 2000 256
9 5 2000 258
10 5 2000 260
11 5 2000 262
12 5 2000 264
13 5 2000 266
14 5 2000 268
15 5 2000 270
16 5 2000 272
17 5 2000 274
18 5 2000 276
19 5 2000 278
20 5 2000 280
21 5 2000 282
22 5 2000 284
23 5 2000 286
24 5 2000 288
25 5 2000 290
26 5 2000 292
27 5 2000 294
28 5 2000 296
29 5 2000 298
30 5 2000 300
31 5 2000 302
1 6 2000 304
2 6 2000 306
3 6 2000 308
4 6 2000 310
5 6 2000 312
6 6 2000 314
7 6 2000 316
8 6 2000 318
9 6 2000 320
10 6 2000 322
11 6 2000 324
12 6 2000 326
13 6 2000 328
14 6 2000 330
15 6 2000 332
16 6 2000 334
17 6 2000 336
18 6 2000 338
19 6 2000 340
20 6 2000 342
21 6 2000 344
22 6 2000 346
23 6 2000 348
24 6 2000 350
25 6 2000 352
26 6 2000 354
27 6 2000 356
28 6 2000 358
29 6 2000 360
30 6 2000 362
1 7 2000 364
2 7 2000 366
3 7 2000 368
4 7 2000 370
5 7 2000 372
6 7 2000 374
7 7 2000 376
8 7 2000 378
9 7 2000 380
10 7 2000 382
11 7 2000 384
12 7 2000 386
13 7 2000 388
14 7 2000 390
15 7 2000 392
16 7 2000 394
17 7 2000 396
18 7 2000 398
19 7 2000 400
20 7 2000 402
21 7 2000 404
22 7 2000 406
23 7 2000 408
24 7 2000 410
25 7 2000 412
26 7 2000 414
27 7 2000 416
28 7 2000 418
29 7 2000 420
30 7 2000 422
31 7 2000 424
1 8 2000 426
2 8 2000 428
3 8 2000 430
4 8 2000 432
5 8 2000 434
6 8 2000 436
7 8 2000 438
8 8 2000 440
9 8 2000 442
10 8 2000 444
11 8 2000 446
12 8 2000 448
13 8 2000 450
14 8 2000 452
15 8 2000 454
16 8 2000 456
17 8 2000 458
18 8 2000 460
19 8 2000 462
20 8 2000 464
21 8 2000 466
22 8 2000 468
23 8 2000 470
24 8 2000 472
25 8 2000 474
26 8 2000 476
27 8 2000 478
28 8 2000 480
29 8 2000 482
30 8 2000 484
31 8 2000 486
1 9 2000 488
2 9 2000 490
3 9 2000 492
4 9 2000 494
5 9 2000 496
6 9 2000 498
7 9 2000 500
8 9 2000 502
9 9 2000 504
10 9 2000 506
11 9 2000 508
12 9 2000 510
13 9 2000 512
14 9 2000 514
15 9 2000 516
16 9 2000 518
17 9 2000 520
18 9 2000 522
19 9 2000 524
20 9 2000 526
21 9 2000 528
22 9 2000 530
23 9 2000 532
24 9 2000 534
25 9 2000 536
26 9 2000 538
27 9 2000 540
28 9 2000 542
29 9 2000 544
30 9 2000 546
1 10 2000 548
2 10 2000 550
3 10 2000 552
4 10 2000 554
5 10 2000 556
6 10 2000 558
7 10 2000 560
8 10 2000 562
9 10 2000 564
10 10 2000 566
11 10 2000 568
12 10 2000 570
13 10 2000 572
14 10 2000 574
15 10 2000 576
16 10 2000 578
17 10 2000 580
18 10 2000 582
19 10 2000 584
20 10 2000 586
21 10 2000 588
22 10 2000 590
23 10 2000 592
24 10 2000 594
25 10 2000 596
26 10 2000 598
27 10 2000 600
28 10 2000 602
29 10 2000 604
30 10 2000 606
31 10 2000 608
1 11 2000 610
2 11 2000 612
3 11 2000 614
4 11 2000 616
5 11 2000 618
6 11 2000 620
7 11 2000 622
8 11 2000 624
9 11 2000 626
10 11 2000 628
11 11 2000 630
12 11 2000 632
13 11 2000 634
14 11 2000 636
15 11 2000 638
16 11 2000 640
17 11 2000 642
18 11 2000 644
19 11 2000 646
20 11 2000 648
21 11 2000 650
22 11 2000 652
23 11 2000 654
24 11 2000 656
25 11 2000 658
26 11 2000 660
27 11 2000 662
28 11 2000 664
29 11 2000 666
30 11 2000 668
1 12 2000 670
2 12 2000 672
3 12 2000 674
4 12 2000 676
5 12 2000 678
6 12 2000 680
7 12 2000 682
8 12 2000 684
9 12 2000 686
10 12 2000 688
11 12 2000 690
12 12 2000 692
13 12 2000 694
14 12 2000 696
15 12 2000 698
16 12 2000 700
17 12 2000 702
18 12 2000 704
19 12 2000 706
20 12 2000 708
21 12 2000 710
22 12 2000 712
23 12 2000 714
24 12 2000 716
25 12 2000 718
26 12 2000 720
27 12 2000 722
28 12 2000 724
29 12 2000 726
30 12 2000 728
31 12 2000 730
1 1 2001 732
2 1 2001 734
3 1 2001 736
4 1 2001 738
5 1 2001 740
6 1 2001 742
7 1 2001 744
8 1 2001 746
9 1 2001 748
10 1 2001 750
11 1 2001 752
12 1 2001 754
13 1 2001 756
14 1 2001 758
15 1 2001 760
16 1 2001 762
17 1 2001 764
18 1 2001 766
19 1 2001 768
20 1 2001 770
21 1 2001 772
22 1 2001 774
23 1 2001 776
24 1 2001 778
25 1 2001 780
26 1 2001 782
27 1 2001 784
28 1 2001 786
29 1 2001 788
30 1 2001 790
31 1 2001 792
1 2 2001 794
2 2 2001 796
3 2 2001 798
4 2 2001 800
5 2 2001 802
6 2 2001 804
7 2 2001 806
8 2 2001 808
9 2 2001 810
10 2 2001 812
11 2 2001 814
12 2 2001 816
13 2 2001 818
14 2 2001 820
15 2 2001 822
16 2 2001 824
17 2 2001 826
18 2 2001 828
19 2 2001 830
20 2 2001 832
21 2 2001 834
22 2 2001 836
23 2 2001 838
24 2 2001 840
25 2 2001 842
26 2 2001 844
27 2 2001 846
28 2 2001 848
1 3 2001 850
2 3 2001 852
3 3 2001 854
4 3 2001 856
5 3 2001 858
6 3 2001 860
7 3 2001 862
8 3 2001 864
9 3 2001 866
10 3 2001 868
11 3 2001 870
12 3 2001 872
13 3 2001 874
14 3 2001 876
15 3 2001 878
16 3 2001 880
17 3 2001 882
18 3 2001 884
19 3 2001 886
20 3 2001 888
21 3 2001 890
22 3 2001 892
23 3 2001 894
24 3 2001 896
25 3 2001 898
26 3 2001 900
27 3 2001 902
28 3 2001 904
29 3 2001 906
30 3 2001 908
31 3 2001 910
1 4 2001 912
2 4 2001 914
3 4 2001 916
4 4 2001 918
5 4 2001 920
6 4 2001 922
7 4 2001 924
8 4 2001 926
9 4 2001 928
10 4 2001 930
11 4 2001 932
12 4 2001 934
13 4 2001 936
14 4 2001 938
15 4 2001 940
16 4 2001 942
17 4 2001 944
18 4 2001 946
19 4 2001 948
20 4 2001 950
21 4 2001 952
22 4 2001 954
23 4 2001 956
24 4 2001 958
25 4 2001 960
26 4 2001 962
27 4 2001 964
28 4 2001 966
29 4 2001 968
30 4 2001 970
1 5 2001 972
2 5 2001 974
3 5 2001 976
4 5 2001 978
5 5 2001 980
6 5 2001 982
7 5 2001 984
8 5 2001 986
9 5 2001 988
10 5 2001 990
11 5 2001 992
12 5 2001 994
13 5 2001 996
14 5 2001 998
15 5 2001 1000
16 5 2001 1002
17 5 2001 1004
18 5 2001 1006
19 5 2001 1008
20 5 2001 1010
21 5 2001 1012
22 5 2001 1014
23 5 2001 1016
24 5 2001 1018
25 5 2001 1020
26 5 2001 1022
27 5 2001 1024
28 5 2001 1026
29 5 2001 1028
30 5 2001 1030
31 5 2001 1032
1 6 2001 1034
2 6 2001 1036
3 6 2001 1038
4 6 2001 1040
5 6 2001 1042
6 6 2001 1044
7 6 2001 1046
8 6 2001 1048
9 6 2001 1050
10 6 2001 1052
11 6 2001 1054
12 6 2001 1056
13 6 2001 1058
14 6 2001 1060
15 6 2001 1062
16 6 2001 1064
17 6 2001 1066
18 6 2001 1068
19 6 2001 1070
20 6 2001 1072
21 6 2001 1074
22 6 2001 1076
23 6 2001 1078
24 6 2001 1080
25 6 2001 1082
26 6 2001 1084
27 6 2001 1086
28 6 2001 1088
29 6 2001 1090
30 6 2001 1092
1 7 2001 1094
2 7 2001 1096
3 7 2001 1098
4 7 2001 1100
5 7 2001 1102
6 7 2001 1104
7 7 2001 1106
8 7 2001 1108
9 7 2001 1110
10 7 2001 1112
11 7 2001 1114
12 7 2001 1116
13 7 2001 1118
14 7 2001 1120
15 7 2001 1122
16 7 2001 1124
17 7 2001 1126
18 7 2001 1128
19 7 2001 1130
20 7 2001 1132
21 7 2001 1134
22 7 2001 1136
23 7 2001 1138
24 7 2001 1140
25 7 2001 1142
26 7 2001 1144
27 7 2001 1146
28 7 2001 1148
29 7 2001 1150
30 7 2001 1152
31 7 2001 1154
1 8 2001 1156
2 8 2001 1158
3 8 2001 1160
4 8 2001 1162
5 8 2001 1164
6 8 2001 1166
7 8 2001 1168
8 8 2001 1170
9 8 2001 1172
10 8 2001 1174
11 8 2001 1176
12 8 2001 1178
13 8 2001 1180
14 8 2001 1182
15 8 2001 1184
16 8 2001 1186
17 8 2001 1188
18 8 2001 1190
19 8 2001 1192
20 8 2001 1194
21 8 2001 1196
22 8 2001 1198
23 8 2001 1200
24 8 2001 1202
25 8 2001 1204
26 8 2001 1206
27 8 2001 1208
28 8 2001 1210
29 8 2001 1212
30 8 2001 1214
31 8 2001 1216
1 9 2001 1218
2 9 2001 1220
3 9 2001 1222
4 9 2001 1224
5 9 2001 1226
6 9 2001 1228
7 9 2001 1230
8 9 2001 1232
9 9 2001 1234
10 9 2001 1236
11 9 2001 1238
12 9 2001 1240
13 9 2001 1242
14 9 2001 1244
15 9 2001 1246
16 9 2001 1248
17 9 2001 1250
18 9 2001 1252
19 9 2001 1254
20 9 2001 1256
21 9 2001 1258
22 9 2001 1260
23 9 2001 1262
24 9 2001 1264
25 9 2001 1266
26 9 2001 1268
27 9 2001 1270
28 9 2001 1272
29 9 2001 1274
30 9 2001 1276
1 10 2001 1278
2 10 2001 1280
3 10 2001 1282
4 10 2001 1284
5 10 2001 1286
6 10 2001 1288
7 10 2001 1290
8 10 2001 1292
9 10 2001 1294
10 10 2001 1296
11 10 2001 1298
12 10 2001 1300
13 10 2001 1302
14 10 2001 1304
15 10 2001 1306
16 10 2001 1308
17 10 2001 1310
18 10 2001 1312
19 10 2001 1314
20 10 2001 1316
21 10 2001 1318
22 10 2001 1320
23 10 2001 1322
24 10 2001 1324
25 10 2001 1326
26 10 2001 1328
27 10 2001 1330
28 10 2001 1332
29 10 2001 1334
30 10 2001 1336
31 10 2001 1338
1 11 2001 1340
2 11 2001 1342
3 11 2001 1344
4 11 2001 1346
5 11 2001 1348
6 11 2001 1350
7 11 2001 1352
8 11 2001 1354
9 11 2001 1356
10 11 2001 1358
11 11 2001 1360
12 11 2001 1362
13 11 2001 1364
14 11 2001 1366
15 11 2001 1368
16 11 2001 1370
17 11 2001 1372
18 11 2001 1374
19 11 2001 1376
20 11 2001 1378
21 11 2001 1380
22 11 2001 1382
23 11 2001 1384
24 11 2001 1386
25 11 2001 1388
26 11 2001 1390
27 11 2001 1392
28 11 2001 1394
29 11 2001 1396
30 11 2001 1398
1 12 2001 1400
2 12 2001 1402
3 12 2001 1404
4 12 2001 1406
5 12 2001 1408
6 12 2001 1410
7 12 2001 1412
8 12 2001 1414
9 12 2001 1416
10 12 2001 1418
11 12 2001 1420
12 12 2001 1422
13 12 2001 1424
14 12 2001 1426
15 12 2001 1428
16 12 2001 1430
17 12 2001 1432
18 12 2001 1434
19 12 2001 1436
20 12 2001 1438
21 12 2001 1440
22 12 2001 1442
23 12 2001 1444
24 12 2001 1446
25 12 2001 1448
26 12 2001 1450
27 12 2001 1452
28 12 2001 1454
29 12 2001 1456
30 12 2001 1458
31 12 2001 1460
1 1 2002 1462
2 1 2002 1464
3 1 2002 1466
4 1 2002 1468
5 1 2002 1470
6 1 2002 1472
7 1 2002 1474
8 1 2002 1476
9 1 2002 1478
10 1 2002 1480
11 1 2002 1482
12 1 2002 1484
13 1 2002 1486
14 1 2002 1488
15 1 2002 1490
16 1 2002 1492
17 1 2002 1494
18 1 2002 1496
19 1 2002 1498
20 1 2002 1500
21 1 2002 1502
22 1 2002 1504
23 1 2002 1506
24 1 2002 1508
25 1 2002 1510
26 1 2002 1512
27 1 2002 1514
28 1 2002 1516
29 1 2002 1518
30 1 2002 1520
31 1 2002 1522
1 2 2002 1524
2 2 2002 1526
3 2 2002 1528
4 2 2002 1530
5 2 2002 1532
6 2 2002 1534
7 2 2002 1536
8 2 2002 1538
9 2 2002 1540
10 2 2002 1542
11 2 2002 1544
12 2 2002 1546
13 2 2002 1548
14 2 2002 1550
15 2 2002 1552
16 2 2002 1554
17 2 2002 1556
18 2 2002 1558
19 2 2002 1560
20 2 2002 1562
21 2 2002 1564
22 2 2002 1566
23 2 2002 1568
24 2 2002 1570
25 2 2002 1572
26 2 2002 1574
27 2 2002 1576
28 2 2002 1578
1 3 2002 1580
2 3 2002 1582
3 3 2002 1584
4 3 2002 1586
5 3 2002 1588
6 3 2002 1590
7 3 2002 1592
8 3 2002 1594
9 3 2002 1596
10 3 2002 1598
11 3 2002 1600
12 3 2002 1602
13 3 2002 1604
14 3 2002 1606
15 3 2002 1608
16 3 2002 1610
17 3 2002 1612
18 3 2002 1614
19 3 2002 1616
20 3 2002 1618
21 3 2002 1620
22 3 2002 1622
23 3 2002 1624
24 3 2002 1626
25 3 2002 1628
26 3 2002 1630
27 3 2002 1632
28 3 2002 1634
29 3 2002 1636
30 3 2002 1638
31 3 2002 1640
1 4 2002 1642
2 4 2002 1644
3 4 2002 1646
4 4 2002 1648
5 4 2002 1650
6 4 2002 1652
7 4 2002 1654
8 4 2002 1656
9 4 2002 1658
10 4 2002 1660
11 4 2002 1662
12 4 2002 1664
13 4 2002 1666
14 4 2002 1668
15 4 2002 1670
16 4 2002 1672
17 4 2002 1674
18 4 2002 1676
19 4 2002 1678
20 4 2002 1680
21 4 2002 1682
22 4 2002 1684
23 4 2002 1686
24 4 2002 1688
25 4 2002 1690
26 4 2002 1692
27 4 2002 1694
28 4 2002 1696
29 4 2002 1698
30 4 2002 1700
1 5 2002 1702
2 5 2002 1704
3 5 2002 1706
4 5 2002 1708
5 5 2002 1710
6 5 2002 1712
7 5 2002 1714
8 5 2002 1716
9 5 2002 1718
10 5 2002 1720
11 5 2002 1722
12 5 2002 1724
13 5 2002 1726
14 5 2002 1728
15 5 2002 1730
16 5 2002 1732
17 5 2002 1734
18 5 2002 1736
19 5 2002 1738
20 5 2002 1740
21 5 2002 1742
22 5 2002 1744
23 5 2002 1746
24 5 2002 1748
25 5 2002 1750
26 5 2002 1752
27 5 2002 1754
28 5 2002 1756
29 5 2002 1758
30 5 2002 1760
31 5 2002 1762
1 6 2002 1764
2 6 2002 1766
3 6 2002 1768
4 6 2002 1770
5 6 2002 1772
6 6 2002 1774
7 6 2002 1776
8 6 2002 1778
9 6 2002 1780
10 6 2002 1782
11 6 2002 1784
12 6 2002 1786
13 6 2002 1788
14 6 2002 1790
15 6 2002 1792
16 6 2002 1794
17 6 2002 1796
18 6 2002 1798
19 6 2002 1800
20 6 2002 1802
21 6 2002 1804
22 6 2002 1806
23 6 2002 1808
24 6 2002 1810
25 6 2002 1812
26 6 2002 1814
27 6 2002 1816
28 6 2002 1818
29 6 2002 1820
30 6 2002 1822
1 7 2002 1824
2 7 2002 1826
3 7 2002 1828
4 7 2002 1830
5 7 2002 1832
6 7 2002 1834
7 7 2002 1836
8 7 2002 1838
9 7 2002 1840
10 7 2002 1842
11 7 2002 1844
12 7 2002 1846
13 7 2002 1848
14 7 2002 1850
15 7 2002 1852
16 7 2002 1854
17 7 2002 1856
18 7 2002 1858
19 7 2002 1860
20 7 2002 1862
21 7 2002 1864
22 7 2002 1866
23 7 2002 1868
24 7 2002 1870
25 7 2002 1872
26 7 2002 1874
27 7 2002 1876
28 7 2002 1878
29 7 2002 1880
30 7 2002 1882
31 7 2002 1884
1 8 2002 1886
2 8 2002 1888
3 8 2002 1890
4 8 2002 1892
5 8 2002 1894
6 8 2002 1896
7 8 2002 1898
8 8 2002 1900
9 8 2002 1902
10 8 2002 1904
11 8 2002 1906
12 8 2002 1908
13 8 2002 1910
14 8 2002 1912
15 8 2002 1914
16 8 2002 1916
17 8 2002 1918
18 8 2002 1920
19 8 2002 1922
20 8 2002 1924
21 8 2002 1926
22 8 2002 1928
23 8 2002 1930
24 8 2002 1932
25 8 2002 1934
26 8 2002 1936
27 8 2002 1938
28 8 2002 1940
29 8 2002 1942
30 8 2002 1944
31 8 2002 1946
1 9 2002 1948
2 9 2002 1950
3 9 2002 1952
4 9 2002 1954
5 9 2002 1956
6 9 2002 1958
7 9 2002 1960
8 9 2002 1962
9 9 2002 1964
10 9 2002 1966
11 9 2002 1968
12 9 2002 1970
13 9 2002 1972
14 9 2002 1974
15 9 2002 1976
16 9 2002 1978
17 9 2002 1980
18 9 2002 1982
19 9 2002 1984
20 9 2002 1986
21 9 2002 1988
22 9 2002 1990
23 9 2002 1992
24 9 2002 1994
25 9 2002 1996
26 9 2002 1998
27 9 2002 2000
28 9 2002 2002
29 9 2002 2004
30 9 2002 2006
1 10 2002 2008
2 10 2002 2010
3 10 2002 2012
4 10 2002 2014
5 10 2002 2016
6 10 2002 2018
7 10 2002 2020
8 10 2002 2022
9 10 2002 2024
10 10 2002 2026
11 10 2002 2028
12 10 2002 2030
13 10 2002 2032
14 10 2002 2034
15 10 2002 2036
16 10 2002 2038
17 10 2002 2040
18 10 2002 2042
19 10 2002 2044
20 10 2002 2046
21 10 2002 2048
22 10 2002 2050
23 10 2002 2052
24 10 2002 2054
25 10 2002 2056
26 10 2002 2058
27 10 2002 2060
28 10 2002 2062
29 10 2002 2064
30 10 2002 2066
31 10 2002 2068
1 11 2002 2070
2 11 2002 2072
3 11 2002 2074
4 11 2002 2076
5 11 2002 2078
6 11 2002 2080
7 11 2002 2082
8 11 2002 2084
9 11 2002 2086
10 11 2002 2088
11 11 2002 2090
12 11 2002 2092
13 11 2002 2094
14 11 2002 2096
15 11 2002 2098
16 11 2002 2100
17 11 2002 2102
18 11 2002 2104
19 11 2002 2106
20 11 2002 2108
21 11 2002 2110
22 11 2002 2112
23 11 2002 2114
24 11 2002 2116
25 11 2002 2118
26 11 2002 2120
27 11 2002 2122
28 11 2002 2124
29 11 2002 2126
30 11 2002 2128
1 12 2002 2130
2 12 2002 2132
3 12 2002 2134
4 12 2002 2136
5 12 2002 2138
6 12 2002 2140
7 12 2002 2142
8 12 2002 2144
9 12 2002 2146
10 12 2002 2148
11 12 2002 2150
12 12 2002 2152
13 12 2002 2154
14 12 2002 2156
15 12 2002 2158
16 12 2002 2160
17 12 2002 2162
18 12 2002 2164
19 12 2002 2166
20 12 2002 2168
21 12 2002 2170
22 12 2002 2172
23 12 2002 2174
24 12 2002 2176
25 12 2002 2178
26 12 2002 2180
27 12 2002 2182
28 12 2002 2184
29 12 2002 2186
30 12 2002 2188
31 12 2002 2190
1 1 2003 2192
2 1 2003 2194
3 1 2003 2196
4 1 2003 2198
5 1 2003 2200
6 1 2003 2202
7 1 2003 2204
8 1 2003 2206
9 1 2003 2208
10 1 2003 2210
11 1 2003 2212
12 1 2003 2214
13 1 2003 2216
14 1 2003 2218
15 1 2003 2220
16 1 2003 2222
17 1 2003 2224
18 1 2003 2226
19 1 2003 2228
20 1 2003 2230
21 1 2003 2232
22 1 2003 2234
23 1 2003 2236
24 1 2003 2238
25 1 2003 2240
26 1 2003 2242
27 1 2003 2244
28 1 2003 2246
29 1 2003 2248
30 1 2003 2250
31 1 2003 2252
1 2 2003 2254
2 2 2003 2256
3 2 2003 2258
4 2 2003 2260
5 2 2003 2262
6 2 2003 2264
7 2 2003 2266
8 2 2003 2268
9 2 2003 2270
10 2 2003 2272
11 2 2003 2274
12 2 2003 2276
13 2 2003 2278
14 2 2003 2280
15 2 2003 2282
16 2 2003 2284
17 2 2003 2286
18 2 2003 2288
19 2 2003 2290
20 2 2003 2292
21 2 2003 2294
22 2 2003 2296
23 2 2003 2298
24 2 2003 2300
25 2 2003 2302
26 2 2003 2304
27 2 2003 2306
28 2 2003 2308
1 3 2003 2310
2 3 2003 2312
3 3 2003 2314
4 3 2003 2316
5 3 2003 2318
6 3 2003 2320
7 3 2003 2322
8 3 2003 2324
9 3 2003 2326
10 3 2003 2328
11 3 2003 2330
12 3 2003 2332
13 3 2003 2334
14 3 2003 2336
15 3 2003 2338
16 3 2003 2340
17 3 2003 2342
18 3 2003 2344
19 3 2003 2346
20 3 2003 2348
21 3 2003 2350
22 3 2003 2352
23 3 2003 2354
24 3 2003 2356
25 3 2003 2358
26 3 2003 2360
27 3 2003 2362
28 3 2003 2364
29 3 2003 2366
30 3 2003 2368
31 3 2003 2370
1 4 2003 2372
2 4 2003 2374
3 4 2003 2376
4 4 2003 2378
5 4 2003 2380
6 4 2003 2382
7 4 2003 2384
8 4 2003 2386
9 4 2003 2388
10 4 2003 2390
11 4 2003 2392
12 4 2003 2394
13 4 2003 2396
14 4 2003 2398
15 4 2003 2400
16 4 2003 2402
17 4 2003 2404
18 4 2003 2406
19 4 2003 2408
20 4 2003 2410
21 4 2003 2412
22 4 2003 2414
23 4 2003 2416
24 4 2003 2418
25 4 2003 2420
26 4 2003 2422
27 4 2003 2424
28 4 2003 2426
29 4 2003 2428
30 4 2003 2430
1 5 2003 2432
2 5 2003 2434
3 5 2003 2436
4 5 2003 2438
5 5 2003 2440
6 5 2003 2442
7 5 2003 2444
8 5 2003 2446
9 5 2003 2448
10 5 2003 2450
11 5 2003 2452
12 5 2003 2454
13 5 2003 2456
14 5 2003 2458
15 5 2003 2460
16 5 2003 2462
17 5 2003 2464
18 5 2003 2466
19 5 2003 2468
20 5 2003 2470
21 5 2003 2472
22 5 2003 2474
23 5 2003 2476
24 5 2003 2478
25 5 2003 2480
26 5 2003 2482
27 5 2003 2484
28 5 2003 2486
29 5 2003 2488
30 5 2003 2490
31 5 2003 2492
1 6 2003 2494
2 6 2003 2496
3 6 2003 2498
4 6 2003 2500
5 6 2003 2502
6 6 2003 2504
7 6 2003 2506
8 6 2003 2508
9 6 2003 2510
10 6 2003 2512
11 6 2003 2514
12 6 2003 2516
13 6 2003 2518
14 6 2003 2520
15 6 2003 2522
16 6 2003 2524
17 6 2003 2526
18 6 2003 2528
19 6 2003 2530
20 6 2003 2532
21 6 2003 2534
22 6 2003 2536
23 6 2003 2538
24 6 2003 2540
25 6 2003 2542
26 6 2003 2544
27 6 2003 2546
28 6 2003 2548
29 6 2003 2550
30 6 2003 2552
1 7 2003 2554
2 7 2003 2556
3 7 2003 2558
4 7 2003 2560
5 7 2003 2562
6 7 2003 2564
7 7 2003 2566
8 7 2003 2568
9 7 2003 2570
10 7 2003 2572
11 7 2003 2574
12 7 2003 2576
13 7 2003 2578
14 7 2003 2580
15 7 2003 2582
16 7 2003 2584
17 7 2003 2586
18 7 2003 2588
19 7 2003 2590
20 7 2003 2592
21 7 2003 2594
22 7 2003 2596
23 7 2003 2598
24 7 2003 2600
25 7 2003 2602
26 7 2003 2604
27 7 2003 2606
28 7 2003 2608
29 7 2003 2610
30 7 2003 2612
31 7 2003 2614
1 8 2003 2616
2 8 2003 2618
3 8 2003 2620
4 8 2003 2622
5 8 2003 2624
6 8 2003 2626
7 8 2003 2628
8 8 2003 2630
9 8 2003 2632
10 8 2003 2634
11 8 2003 2636
12 8 2003 2638
13 8 2003 2640
14 8 2003 2642
15 8 2003 2644
16 8 2003 2646
17 8 2003 2648
18 8 2003 2650
19 8 2003 2652
20 8 2003 2654
21 8 2003 2656
22 8 2003 2658
23 8 2003 2660
24 8 2003 2662
25 8 2003 2664
26 8 2003 2666
27 8 2003 2668
28 8 2003 2670
29 8 2003 2672
30 8 2003 2674
31 8 2003 2676
1 9 2003 2678
2 9 2003 2680
3 9 2003 2682
4 9 2003 2684
5 9 2003 2686
6 9 2003 2688
7 9 2003 2690
8 9 2003 2692
9 9 2003 2694
10 9 2003 2696
11 9 2003 2698
12 9 2003 2700
13 9 2003 2702
14 9 2003 2704
15 9 2003 2706
16 9 2003 2708
17 9 2003 2710
18 9 2003 2712
19 9 2003 2714
20 9 2003 2716
21 9 2003 2718
22 9 2003 2720
23 9 2003 2722
24 9 2003 2724
25 9 2003 2726
26 9 2003 2728
27 9 2003 2730
28 9 2003 2732
29 9 2003 2734
30 9 2003 2736
1 10 2003 2738
2 10 2003 2740
3 10 2003 2742
4 10 2003 2744
5 10 2003 2746
6 10 2003 2748
7 10 2003 2750
8 10 2003 2752
9 10 2003 2754
10 10 2003 2756
11 10 2003 2758
12 10 2003 2760
13 10 2003 2762
14 10 2003 2764
15 10 2003 2766
16 10 2003 2768
17 10 2003 2770
18 10 2003 2772
19 10 2003 2774
20 10 2003 2776
21 10 2003 2778
22 10 2003 2780
23 10 2003 2782
24 10 2003 2784
25 10 2003 2786
26 10 2003 2788
27 10 2003 2790
28 10 2003 2792
29 10 2003 2794
30 10 2003 2796
31 10 2003 2798
1 11 2003 2800
2 11 2003 2802
3 11 2003 2804
4 11 2003 2806
5 11 2003 2808
6 11 2003 2810
7 11 2003 2812
8 11 2003 2814
9 11 2003 2816
10 11 2003 2818
11 11 2003 2820
12 11 2003 2822
13 11 2003 2824
14 11 2003 2826
15 11 2003 2828
16 11 2003 2830
17 11 2003 2832
18 11 2003 2834
19 11 2003 2836
20 11 2003 2838
21 11 2003 2840
22 11 2003 2842
23 11 2003 2844
24 11 2003 2846
25 11 2003 2848
26 11 2003 2850
27 11 2003 2852
28 11 2003 2854
29 11 2003 2856
30 11 2003 2858
1 12 2003 2860
2 12 2003 2862
3 12 2003 2864
4 12 2003 2866
5 12 2003 2868
6 12 2003 2870
7 12 2003 2872
8 12 2003 2874
9 12 2003 2876
10 12 2003 2878
11 12 2003 2880
12 12 2003 2882
13 12 2003 2884
14 12 2003 2886
15 12 2003 2888
16 12 2003 2890
17 12 2003 2892
18 12 2003 2894
19 12 2003 2896
20 12 2003 2898
21 12 2003 2900
22 12 2003 2902
23 12 2003 2904
24 12 2003 2906
25 12 2003 2908
26 12 2003 2910
27 12 2003 2912
28 12 2003 2914
29 12 2003 2916
30 12 2003 2918
31 12 2003 2920
1 1 2004 2922
2 1 2004 2924
3 1 2004 2926
4 1 2004 2928
5 1 2004 2930
6 1 2004 2932
7 1 2004 2934
8 1 2004 2936
9 1 2004 2938
10 1 2004 2940
11 1 2004 2942
12 1 2004 2944
13 1 2004 2946
14 1 2004 2948
15 1 2004 2950
16 1 2004 2952
17 1 2004 2954
18 1 2004 2956
19 1 2004 2958
20 1 2004 2960
21 1 2004 2962
22 1 2004 2964
23 1 2004 2966
24 1 2004 2968
25 1 2004 2970
26 1 2004 2972
27 1 2004 2974
28 1 2004 2976
29 1 2004 2978
30 1 2004 2980
31 1 2004 2982
1 2 2004 2984
2 2 2004 2986
3 2 2004 2988
4 2 2004 2990
5 2 2004 2992
6 2 2004 2994
7 2 2004 2996
8 2 2004 2998
9 2 2004 3000
10 2 2004 3002
11 2 2004 3004
12 2 2004 3006
13 2 2004 3008
14 2 2004 3010
15 2 2004 3012
16 2 2004 3014
17 2 2004 3016
18 2 2004 3018
19 2 2004 3020
20 2 2004 3022
21 2 2004 3024
22 2 2004 3026
23 2 2004 3028
24 2 2004 3030
25 2 2004 3032
26 2 2004 3034
27 2 2004 3036
28 2 2004 3038
29 2 2004 3040
1 3 2004 3042
2 3 2004 3044
3 3 2004 3046
4 3 2004 3048
5 3 2004 3050
6 3 2004 3052
7 3 2004 3054
8 3 2004 3056
9 3 2004 3058
10 3 2004 3060
11 3 2004 3062
12 3 2004 3064
13 3 2004 3066
14 3 2004 3068
15 3 2004 3070
16 3 2004 3072
17 3 2004 3074
18 3 2004 3076
19 3 2004 3078
20 3 2004 3080
21 3 2004 3082
22 3 2004 3084
23 3 2004 3086
24 3 2004 3088
25 3 2004 3090
26 3 2004 3092
27 3 2004 3094
28 3 2004 3096
29 3 2004 3098
30 3 2004 3100
31 3 2004 3102
1 4 2004 3104
2 4 2004 3106
3 4 2004 3108
4 4 2004 3110
5 4 2004 3112
6 4 2004 3114
7 4 2004 3116
8 4 2004 3118
9 4 2004 3120
10 4 2004 3122
11 4 2004 3124
12 4 2004 3126
13 4 2004 3128
14 4 2004 3130
15 4 2004 3132
16 4 2004 3134
17 4 2004 3136
18 4 2004 3138
19 4 2004 3140
20 4 2004 3142
21 4 2004 3144
22 4 2004 3146
23 4 2004 3148
24 4 2004 3150
25 4 2004 3152
26 4 2004 3154
27 4 2004 3156
28 4 2004 3158
29 4 2004 3160
30 4 2004 3162
1 5 2004 3164
2 5 2004 3166
3 5 2004 3168
4 5 2004 3170
5 5 2004 3172
6 5 2004 3174
7 5 2004 3176
8 5 2004 3178
9 5 2004 3180
10 5 2004 3182
11 5 2004 3184
12 5 2004 3186
13 5 2004 3188
14 5 2004 3190
15 5 2004 3192
16 5 2004 3194
17 5 2004 3196
18 5 2004 3198
19 5 2004 3200
20 5 2004 3202
21 5 2004 3204
22 5 2004 3206
23 5 2004 3208
24 5 2004 3210
25 5 2004 3212
26 5 2004 3214
27 5 2004 3216
28 5 2004 3218
29 5 2004 3220
30 5 2004 3222
31 5 2004 3224
1 6 2004 3226
2 6 2004 3228
3 6 2004 3230
4 6 2004 3232
5 6 2004 3234
6 6 2004 3236
7 6 2004 3238
8 6 2004 3240
9 6 2004 3242
10 6 2004 3244
11 6 2004 3246
12 6 2004 3248
13 6 2004 3250
14 6 2004 3252
15 6 2004 3254
16 6 2004 3256
17 6 2004 3258
18 6 2004 3260
19 6 2004 3262
20 6 2004 3264
21 6 2004 3266
22 6 2004 3268
23 6 2004 3270
24 6 2004 3272
25 6 2004 3274
26 6 2004 3276
27 6 2004 3278
28 6 2004 3280
29 6 2004 3282
30 6 2004 3284
1 7 2004 3286
2 7 2004 3288
3 7 2004 3290
4 7 2004 3292
5 7 2004 3294
6 7 2004 3296
7 7 2004 3298
8 7 2004 3300
9 7 2004 3302
10 7 2004 3304
11 7 2004 3306
12 7 2004 3308
13 7 2004 3310
14 7 2004 3312
15 7 2004 3314
16 7 2004 3316
17 7 2004 3318
18 7 2004 3320
19 7 2004 3322
20 7 2004 3324
21 7 2004 3326
22 7 2004 3328
23 7 2004 3330
24 7 2004 3332
25 7 2004 3334
26 7 2004 3336
27 7 2004 3338
28 7 2004 3340
29 7 2004 3342
30 7 2004 3344
31 7 2004 3346
1 8 2004 3348
2 8 2004 3350
3 8 2004 3352
4 8 2004 3354
5 8 2004 3356
6 8 2004 3358
7 8 2004 3360
8 8 2004 3362
9 8 2004 3364
10 8 2004 3366
11 8 2004 3368
12 8 2004 3370
13 8 2004 3372
14 8 2004 3374
15 8 2004 3376
16 8 2004 3378
17 8 2004 3380
18 8 2004 3382
19 8 2004 3384
20 8 2004 3386
21 8 2004 3388
22 8 2004 3390
23 8 2004 3392
24 8 2004 3394
25 8 2004 3396
26 8 2004 3398
27 8 2004 3400
28 8 2004 3402
29 8 2004 3404
30 8 2004 3406
31 8 2004 3408
1 9 2004 3410
2 9 2004 3412
3 9 2004 3414
4 9 2004 3416
5 9 2004 3418
6 9 2004 3420
7 9 2004 3422
8 9 2004 3424
9 9 2004 3426
10 9 2004 3428
11 9 2004 3430
12 9 2004 3432
13 9 2004 3434
14 9 2004 3436
15 9 2004 3438
16 9 2004 3440
17 9 2004 3442
18 9 2004 3444
19 9 2004 3446
20 9 2004 3448
21 9 2004 3450
22 9 2004 3452
23 9 2004 3454
24 9 2004 3456
25 9 2004 3458
26 9 2004 3460
27 9 2004 3462
28 9 2004 3464
29 9 2004 3466
30 9 2004 3468
1 10 2004 3470
2 10 2004 3472
3 10 2004 3474
4 10 2004 3476
5 10 2004 3478
6 10 2004 3480
7 10 2004 3482
8 10 2004 3484
9 10 2004 3486
10 10 2004 3488
11 10 2004 3490
12 10 2004 3492
13 10 2004 3494
14 10 2004 3496
15 10 2004 3498
16 10 2004 3500
17 10 2004 3502
18 10 2004 3504
19 10 2004 3506
20 10 2004 3508
21 10 2004 3510
22 10 2004 3512
23 10 2004 3514
24 10 2004 3516
25 10 2004 3518
26 10 2004 3520
27 10 2004 3522
28 10 2004 3524
29 10 2004 3526
30 10 2004 3528
31 10 2004 3530
1 11 2004 3532
2 11 2004 3534
3 11 2004 3536
4 11 2004 3538
5 11 2004 3540
6 11 2004 3542
7 11 2004 3544
8 11 2004 3546
9 11 2004 3548
10 11 2004 3550
11 11 2004 3552
12 11 2004 3554
13 11 2004 3556
14 11 2004 3558
15 11 2004 3560
16 11 2004 3562
17 11 2004 3564
18 11 2004 3566
19 11 2004 3568
20 11 2004 3570
21 11 2004 3572
22 11 2004 3574
23 11 2004 3576
24 11 2004 3578
25 11 2004 3580
26 11 2004 3582
27 11 2004 3584
28 11 2004 3586
29 11 2004 3588
30 11 2004 3590
1 12 2004 3592
2 12 2004 3594
3 12 2004 3596
4 12 2004 3598
5 12 2004 3600
6 12 2004 3602
7 12 2004 3604
8 12 2004 3606
9 12 2004 3608
10 12 2004 3610
11 12 2004 3612
12 12 2004 3614
13 12 2004 3616
14 12 2004 3618
15 12 2004 3620
16 12 2004 3622
17 12 2004 3624
18 12 2004 3626
19 12 2004 3628
20 12 2004 3630
21 12 2004 3632
22 12 2004 3634
23 12 2004 3636
24 12 2004 3638
25 12 2004 3640
26 12 2004 3642
27 12 2004 3644
28 12 2004 3646
29 12 2004 3648
30 12 2004 3650
31 12 2004 3652
0